Arica,_Chile NONE SHOA Continuous -18.472 -70.335 20110312
Unknown m UTC 1 min Unknown NTWC Unfiltered
1_minute_data_via_GOES
Data Format: SampleTime(epochal 1/1/1970)  WaterLevel  SampleTime(yyymmddhhmmss)
1299888050 2.243000 20110312000050
1299888110 2.302000 20110312000150
1299888170 2.302000 20110312000250
1299888230 2.163000 20110312000350
1299888290 2.350000 20110312000450
1299888350 2.271000 20110312000550
1299888410 2.291000 20110312000650
1299888470 2.266000 20110312000750
1299888530 2.418000 20110312000850
1299888590 2.343000 20110312000950
1299888650 2.223000 20110312001050
1299888710 2.324000 20110312001150
1299888770 2.148000 20110312001250
1299888830 2.296000 20110312001350
1299888890 2.296000 20110312001450
1299888950 2.346000 20110312001550
1299889010 2.305000 20110312001650
1299889070 2.443000 20110312001750
1299889130 2.366000 20110312001850
1299889190 2.348000 20110312001950
1299889250 2.301000 20110312002050
1299889310 2.326000 20110312002150
1299889371 2.213000 20110312002251
1299889431 2.207000 20110312002351
1299889491 2.298000 20110312002451
1299889551 2.259000 20110312002551
1299889611 2.474000 20110312002651
1299889671 2.313000 20110312002751
1299889731 2.442000 20110312002851
1299889791 2.267000 20110312002951
1299889851 2.335000 20110312003051
1299889911 2.362000 20110312003151
1299889970 2.344000 20110312003250
1299890030 2.339000 20110312003350
1299890090 2.308000 20110312003450
1299890150 2.268000 20110312003550
1299890210 2.270000 20110312003650
1299890270 2.237000 20110312003750
1299890330 2.246000 20110312003850
1299890390 2.308000 20110312003950
1299890450 2.417000 20110312004050
1299890510 2.377000 20110312004150
1299890570 2.306000 20110312004250
1299890630 2.310000 20110312004350
1299890690 2.331000 20110312004450
1299890750 2.179000 20110312004550
1299890810 2.302000 20110312004650
1299890870 2.274000 20110312004750
1299890930 2.316000 20110312004850
1299890990 2.148000 20110312004950
1299891050 2.370000 20110312005050
1299891110 2.267000 20110312005150
1299891170 2.246000 20110312005250
1299891230 2.352000 20110312005350
1299891290 2.372000 20110312005450
1299891350 2.274000 20110312005550
1299891410 2.284000 20110312005650
1299891470 2.310000 20110312005750
1299891530 2.217000 20110312005850
1299891590 2.294000 20110312005950
1299891650 2.306000 20110312010050
1299891710 2.272000 20110312010150
1299891770 2.273000 20110312010250
1299891830 2.228000 20110312010350
1299891890 2.259000 20110312010450
1299891950 2.242000 20110312010550
1299892010 2.233000 20110312010650
1299892070 2.244000 20110312010750
1299892130 2.221000 20110312010850
1299892190 2.365000 20110312010950
1299892250 2.414000 20110312011050
1299892310 2.323000 20110312011150
1299892370 2.278000 20110312011250
1299892430 2.359000 20110312011350
1299892490 2.308000 20110312011450
1299892550 2.387000 20110312011550
1299892610 2.331000 20110312011650
1299892670 2.230000 20110312011750
1299892730 2.362000 20110312011850
1299892790 2.367000 20110312011950
1299892850 2.290000 20110312012050
1299892910 2.450000 20110312012150
1299892970 2.450000 20110312012250
1299893030 2.441000 20110312012350
1299893090 2.312000 20110312012450
1299893150 2.344000 20110312012550
1299893210 2.229000 20110312012650
1299893270 2.272000 20110312012750
1299893330 2.223000 20110312012850
1299893390 2.345000 20110312012950
1299893450 2.405000 20110312013050
1299893510 2.418000 20110312013150
1299893570 2.418000 20110312013250
1299893630 2.289000 20110312013350
1299893690 2.469000 20110312013450
1299893750 0.002000 20110312013550
1299893810 0.000000 20110312013650
1299893870 2.376000 20110312013750
1299893930 2.216000 20110312013850
1299893990 2.185000 20110312013950
1299894050 2.189000 20110312014050
1299894110 2.342000 20110312014150
1299894170 2.338000 20110312014250
1299894230 2.404000 20110312014350
1299894290 2.369000 20110312014450
1299894350 2.357000 20110312014550
1299894410 2.257000 20110312014650
1299894470 2.329000 20110312014750
1299894530 2.143000 20110312014850
1299894590 2.373000 20110312014950
1299894650 2.217000 20110312015050
1299894710 2.286000 20110312015150
1299894770 2.283000 20110312015250
1299894830 2.336000 20110312015350
1299894890 2.299000 20110312015450
1299894950 2.342000 20110312015550
1299895010 2.286000 20110312015650
1299895071 2.372000 20110312015751
1299895131 2.201000 20110312015851
1299895191 2.358000 20110312015951
1299895251 2.305000 20110312020051
1299895311 2.312000 20110312020151
1299895370 2.309000 20110312020250
1299895430 2.295000 20110312020350
1299895490 2.237000 20110312020450
1299895550 2.312000 20110312020550
1299895610 2.252000 20110312020650
1299895670 2.294000 20110312020750
1299895730 2.182000 20110312020850
1299895790 2.354000 20110312020950
1299895850 2.397000 20110312021050
1299895910 2.379000 20110312021150
1299895970 2.410000 20110312021250
1299896030 2.498000 20110312021350
1299896090 2.264000 20110312021450
1299896150 2.420000 20110312021550
1299896210 2.385000 20110312021650
1299896270 2.385000 20110312021750
1299896330 2.442000 20110312021850
1299896390 2.468000 20110312021950
1299896450 2.464000 20110312022050
1299896510 2.466000 20110312022150
1299896571 2.344000 20110312022251
1299896631 2.391000 20110312022351
1299896691 2.281000 20110312022451
1299896751 2.360000 20110312022551
1299896811 2.245000 20110312022651
1299896871 2.242000 20110312022751
1299896931 2.324000 20110312022851
1299896991 2.326000 20110312022951
1299897051 2.388000 20110312023051
1299897111 2.427000 20110312023151
1299897171 2.392000 20110312023251
1299897231 2.339000 20110312023351
1299897291 2.362000 20110312023451
1299897351 2.261000 20110312023551
1299897411 2.453000 20110312023651
1299897471 2.390000 20110312023751
1299897531 2.419000 20110312023851
1299897591 2.237000 20110312023951
1299897651 2.469000 20110312024051
1299897711 2.182000 20110312024151
1299897771 2.329000 20110312024251
1299897831 2.189000 20110312024351
1299897891 2.373000 20110312024451
1299897951 2.198000 20110312024551
1299898011 2.460000 20110312024651
1299898070 2.339000 20110312024750
1299898130 2.367000 20110312024850
1299898190 2.318000 20110312024950
1299898250 2.360000 20110312025050
1299898310 2.289000 20110312025150
1299898370 2.317000 20110312025250
1299898430 2.275000 20110312025350
1299898490 2.329000 20110312025450
1299898550 2.451000 20110312025550
1299898610 2.366000 20110312025650
1299898670 2.478000 20110312025750
1299898730 2.303000 20110312025850
1299898790 2.362000 20110312025950
1299898850 2.373000 20110312030050
1299898910 2.360000 20110312030150
1299898970 2.295000 20110312030250
1299899030 2.335000 20110312030350
1299899090 2.313000 20110312030450
1299899150 2.351000 20110312030550
1299899210 2.324000 20110312030650
1299899270 2.362000 20110312030750
1299899330 2.340000 20110312030850
1299899390 2.343000 20110312030950
1299899450 2.497000 20110312031050
1299899510 2.370000 20110312031150
1299899570 2.370000 20110312031250
1299899630 2.403000 20110312031350
1299899690 2.416000 20110312031450
1299899750 2.440000 20110312031550
1299899810 2.422000 20110312031650
1299899870 2.492000 20110312031750
1299899930 2.456000 20110312031850
1299899990 2.383000 20110312031950
1299900050 2.492000 20110312032050
1299900110 2.468000 20110312032150
1299900171 2.653000 20110312032251
1299900231 2.494000 20110312032351
1299900291 2.584000 20110312032451
1299900351 2.559000 20110312032551
1299900411 2.554000 20110312032651
1299900471 2.554000 20110312032751
1299900531 2.624000 20110312032851
1299900591 2.665000 20110312032951
1299900651 2.564000 20110312033051
1299900711 2.755000 20110312033151
1299900770 2.717000 20110312033250
1299900830 2.607000 20110312033350
1299900890 2.671000 20110312033450
1299900950 2.493000 20110312033550
1299901010 2.574000 20110312033650
1299901070 2.566000 20110312033750
1299901130 2.508000 20110312033850
1299901190 2.598000 20110312033950
1299901250 2.451000 20110312034050
1299901310 2.463000 20110312034150
1299901670 2.546000 20110312034750
1299901730 2.543000 20110312034850
1299901790 2.506000 20110312034950
1299901850 2.521000 20110312035050
1299901910 2.556000 20110312035150
1299901970 2.538000 20110312035250
1299902030 2.487000 20110312035350
1299902090 2.374000 20110312035450
1299902150 2.324000 20110312035550
1299902210 2.358000 20110312035650
1299902270 2.376000 20110312035750
1299902330 2.347000 20110312035850
1299902390 2.135000 20110312035950
1299902450 2.346000 20110312040050
1299902510 2.132000 20110312040150
1299902570 2.306000 20110312040250
1299902630 2.247000 20110312040350
1299902690 2.258000 20110312040450
1299902750 2.141000 20110312040550
1299902810 2.339000 20110312040650
1299902870 2.201000 20110312040750
1299902930 2.406000 20110312040850
1299902990 2.384000 20110312040950
1299903050 2.496000 20110312041050
1299903110 2.515000 20110312041150
1299903170 2.629000 20110312041250
1299903230 2.568000 20110312041350
1299903290 2.642000 20110312041450
1299903350 2.606000 20110312041550
1299903410 2.702000 20110312041650
1299903470 2.702000 20110312041750
1299903530 2.554000 20110312041850
1299903590 2.703000 20110312041950
1299903650 2.693000 20110312042050
1299903710 2.616000 20110312042150
1299903770 2.618000 20110312042250
1299903830 2.559000 20110312042350
1299903890 2.590000 20110312042450
1299903950 2.239000 20110312042550
1299904010 2.178000 20110312042650
1299904070 2.125000 20110312042750
1299904130 2.151000 20110312042850
1299904190 2.049000 20110312042950
1299904250 2.136000 20110312043050
1299904310 2.247000 20110312043150
1299904370 2.141000 20110312043250
1299904430 2.247000 20110312043350
1299904490 2.301000 20110312043450
1299904550 2.233000 20110312043550
1299904610 2.257000 20110312043650
1299904670 2.316000 20110312043750
1299904730 2.200000 20110312043850
1299904790 2.490000 20110312043950
1299904850 2.375000 20110312044050
1299904910 2.598000 20110312044150
1299904970 2.598000 20110312044250
1299905030 2.548000 20110312044350
1299905090 2.657000 20110312044450
1299905150 2.596000 20110312044550
1299905210 2.726000 20110312044650
1299905270 2.655000 20110312044750
1299905330 2.797000 20110312044850
1299905390 2.851000 20110312044950
1299905450 2.692000 20110312045050
1299905510 2.730000 20110312045150
1299905570 2.709000 20110312045250
1299905630 2.589000 20110312045350
1299905690 2.640000 20110312045450
1299905750 2.805000 20110312045550
1299905810 3.081000 20110312045650
1299905871 3.275000 20110312045751
1299905931 3.312000 20110312045851
1299905991 3.238000 20110312045951
1299906051 3.102000 20110312050051
1299906111 2.631000 20110312050151
1299906170 2.672000 20110312050250
1299906230 2.469000 20110312050350
1299906290 2.577000 20110312050450
1299906350 2.717000 20110312050550
1299906410 2.726000 20110312050650
1299906470 2.747000 20110312050750
1299906530 2.672000 20110312050850
1299906590 2.499000 20110312050950
1299906650 2.337000 20110312051050
1299906710 2.317000 20110312051150
1299906770 2.317000 20110312051250
1299906830 2.118000 20110312051350
1299906890 1.993000 20110312051450
1299906950 1.848000 20110312051550
1299907010 1.665000 20110312051650
1299907070 1.603000 20110312051750
1299907130 1.496000 20110312051850
1299907190 1.532000 20110312051950
1299907250 1.512000 20110312052050
1299907310 1.558000 20110312052150
1299907371 2.142000 20110312052251
1299907431 2.345000 20110312052351
1299907491 2.376000 20110312052451
1299907551 2.427000 20110312052551
1299907611 2.177000 20110312052651
1299907671 2.177000 20110312052751
1299907731 2.088000 20110312052851
1299907791 1.963000 20110312052951
1299907851 2.087000 20110312053051
1299907911 2.400000 20110312053151
1299907971 2.612000 20110312053251
1299908031 2.980000 20110312053351
1299908091 3.127000 20110312053451
1299908151 2.898000 20110312053551
1299908211 2.624000 20110312053651
1299908271 2.412000 20110312053751
1299908331 2.381000 20110312053851
1299908391 2.676000 20110312053951
1299908451 2.821000 20110312054051
1299908511 2.938000 20110312054151
1299908571 2.932000 20110312054251
1299908631 2.598000 20110312054351
1299908691 2.470000 20110312054451
1299908751 2.400000 20110312054551
1299908811 2.599000 20110312054651
1299908870 2.956000 20110312054750
1299908930 3.340000 20110312054850
1299908990 3.397000 20110312054950
1299909050 3.040000 20110312055050
1299909110 2.710000 20110312055150
1299909170 2.145000 20110312055250
1299909230 2.123000 20110312055350
1299909290 2.056000 20110312055450
1299909350 2.382000 20110312055550
1299909410 2.711000 20110312055650
1299909470 3.311000 20110312055750
1299909530 3.510000 20110312055850
1299909590 3.474000 20110312055950
1299909650 3.137000 20110312060050
1299909710 2.687000 20110312060150
1299909770 2.598000 20110312060250
1299909830 2.309000 20110312060350
1299909890 2.188000 20110312060450
1299909950 2.149000 20110312060550
1299910010 1.834000 20110312060650
1299910070 1.450000 20110312060750
1299910130 1.704000 20110312060850
1299910190 1.977000 20110312060950
1299910250 2.274000 20110312061050
1299910310 2.410000 20110312061150
1299910370 2.410000 20110312061250
1299910430 2.441000 20110312061350
1299910490 2.396000 20110312061450
1299910550 2.200000 20110312061550
1299910610 2.194000 20110312061650
1299910670 2.103000 20110312061750
1299910730 1.908000 20110312061850
1299910790 1.940000 20110312061950
1299910850 2.042000 20110312062050
1299910910 2.133000 20110312062150
1299910971 2.593000 20110312062251
1299911031 3.426000 20110312062351
1299911091 4.060000 20110312062451
1299911151 4.421000 20110312062551
1299911211 4.292000 20110312062651
1299911271 3.955000 20110312062751
1299911331 3.514000 20110312062851
1299911391 3.258000 20110312062951
1299911451 3.202000 20110312063051
1299911511 3.160000 20110312063151
1299911570 3.185000 20110312063250
1299911630 2.826000 20110312063350
1299911690 2.693000 20110312063450
1299911750 2.228000 20110312063550
1299911810 2.179000 20110312063650
1299911870 1.904000 20110312063750
1299911930 1.989000 20110312063850
1299911990 2.110000 20110312063950
1299912050 2.239000 20110312064050
1299912110 2.114000 20110312064150
1299912170 2.114000 20110312064250
1299912230 1.870000 20110312064350
1299912290 1.423000 20110312064450
1299912350 1.282000 20110312064550
1299912410 1.290000 20110312064650
1299912470 1.460000 20110312064750
1299912530 1.900000 20110312064850
1299912590 2.132000 20110312064950
1299912650 2.194000 20110312065050
1299912710 2.174000 20110312065150
1299913370 2.916000 20110312070250
1299913430 3.284000 20110312070350
1299913490 3.080000 20110312070450
1299913550 2.980000 20110312070550
1299913610 2.599000 20110312070650
1299913670 2.386000 20110312070750
1299913730 2.047000 20110312070850
1299913790 2.313000 20110312070950
1299913850 2.582000 20110312071050
1299913910 3.014000 20110312071150
1299913970 3.161000 20110312071250
1299914030 3.005000 20110312071350
1299914090 2.901000 20110312071450
1299914150 2.687000 20110312071550
1299914210 2.665000 20110312071650
1299914270 2.755000 20110312071750
1299914330 2.823000 20110312071850
1299914390 2.912000 20110312071950
1299914450 2.873000 20110312072050
1299914510 2.430000 20110312072150
1299914570 1.662000 20110312072250
1299914630 1.796000 20110312072350
1299914690 2.091000 20110312072450
1299914750 2.607000 20110312072550
1299914810 3.021000 20110312072650
1299914870 3.021000 20110312072750
1299914930 3.241000 20110312072850
1299914990 3.114000 20110312072950
1299915050 2.681000 20110312073050
1299915110 2.533000 20110312073150
1299915170 2.460000 20110312073250
1299915230 2.623000 20110312073350
1299915290 2.496000 20110312073450
1299915350 2.438000 20110312073550
1299915410 2.312000 20110312073650
1299915470 2.389000 20110312073750
1299915530 2.606000 20110312073850
1299915590 2.628000 20110312073950
1299915650 2.700000 20110312074050
1299915710 2.728000 20110312074150
1299915770 2.895000 20110312074250
1299915830 2.845000 20110312074350
1299915890 2.777000 20110312074450
1299915950 2.292000 20110312074550
1299916010 1.675000 20110312074650
1299916070 1.492000 20110312074750
1299916130 0.980000 20110312074850
1299916190 0.913000 20110312074950
1299916250 0.670000 20110312075050
1299916310 0.967000 20110312075150
1299916370 1.312000 20110312075250
1299916430 1.688000 20110312075350
1299916490 2.262000 20110312075450
1299916550 2.282000 20110312075550
1299916610 2.126000 20110312075650
1299916671 1.819000 20110312075751
1299916731 2.043000 20110312075851
1299916791 2.240000 20110312075951
1299916851 2.563000 20110312080051
1299916911 2.838000 20110312080151
1299916970 2.838000 20110312080250
1299917030 2.708000 20110312080350
1299917090 2.582000 20110312080450
1299917150 2.521000 20110312080550
1299917210 2.908000 20110312080650
1299917270 3.546000 20110312080750
1299917330 4.169000 20110312080850
1299917390 4.601000 20110312080950
1299917450 4.309000 20110312081050
1299917510 3.384000 20110312081150
1299917570 2.785000 20110312081250
1299917630 2.247000 20110312081350
1299917690 2.039000 20110312081450
1299917750 2.261000 20110312081550
1299917810 2.736000 20110312081650
1299917870 3.162000 20110312081750
1299917930 3.330000 20110312081850
1299917990 3.005000 20110312081950
1299918050 2.357000 20110312082050
1299918110 1.240000 20110312082150
1299918171 0.742000 20110312082251
1299918231 0.527000 20110312082351
1299918291 0.780000 20110312082451
1299918351 0.924000 20110312082551
1299918411 1.291000 20110312082651
1299918471 1.404000 20110312082751
1299918531 1.405000 20110312082851
1299918591 1.374000 20110312082951
1299918651 1.135000 20110312083051
1299918711 1.240000 20110312083151
1299918771 2.181000 20110312083251
1299918831 2.779000 20110312083351
1299918891 2.618000 20110312083451
1299918951 2.557000 20110312083551
1299919011 2.377000 20110312083651
1299919071 2.377000 20110312083751
1299919131 2.679000 20110312083851
1299919191 3.045000 20110312083951
1299919251 3.389000 20110312084051
1299919311 3.615000 20110312084151
1299919371 3.715000 20110312084251
1299919431 3.586000 20110312084351
1299919491 3.477000 20110312084451
1299919551 3.581000 20110312084551
1299919611 3.374000 20110312084651
1299919670 2.824000 20110312084750
1299919730 2.551000 20110312084850
1299919790 1.988000 20110312084950
1299919850 1.742000 20110312085050
1299919910 1.340000 20110312085150
1299919970 1.340000 20110312085250
1299920030 1.061000 20110312085350
1299920090 1.316000 20110312085450
1299920150 1.708000 20110312085550
1299920210 2.228000 20110312085650
1299920270 2.477000 20110312085750
1299920330 2.199000 20110312085850
1299920390 1.933000 20110312085950
1299920450 1.730000 20110312090050
1299920510 2.231000 20110312090150
1299920570 2.473000 20110312090250
1299920630 2.973000 20110312090350
1299920690 3.430000 20110312090450
1299920750 3.741000 20110312090550
1299920810 4.106000 20110312090650
1299920870 3.960000 20110312090750
1299920930 3.515000 20110312090850
1299920990 3.044000 20110312090950
1299921050 2.508000 20110312091050
1299921110 1.975000 20110312091150
1299921170 2.126000 20110312091250
1299921230 2.061000 20110312091350
1299921290 1.539000 20110312091450
1299921350 1.360000 20110312091550
1299921410 1.052000 20110312091650
1299921470 1.052000 20110312091750
1299921530 1.111000 20110312091850
1299921590 1.172000 20110312091950
1299921650 1.151000 20110312092050
1299921710 0.999000 20110312092150
1299921771 0.664000 20110312092251
1299921831 0.552000 20110312092351
1299921891 0.256000 20110312092451
1299921951 0.336000 20110312092551
1299922011 0.537000 20110312092651
1299922071 0.873000 20110312092751
1299922131 1.124000 20110312092851
1299922191 1.513000 20110312092951
1299922251 1.501000 20110312093051
1299922311 1.537000 20110312093151
1299922370 1.788000 20110312093250
1299922430 2.343000 20110312093350
1299922490 2.801000 20110312093450
1299922550 3.080000 20110312093550
1299922610 2.983000 20110312093650
1299922670 3.520000 20110312093750
1299922730 3.640000 20110312093850
1299922790 3.993000 20110312093950
1299922850 4.405000 20110312094050
1299922910 4.127000 20110312094150
1299922970 4.127000 20110312094250
1299923030 3.992000 20110312094350
1299923090 3.707000 20110312094450
1299923150 3.513000 20110312094550
1299923210 3.511000 20110312094650
1299923270 3.611000 20110312094750
1299923330 3.877000 20110312094850
1299923390 3.695000 20110312094950
1299923450 3.453000 20110312095050
1299923510 2.594000 20110312095150
1299923570 1.842000 20110312095250
1299923630 1.565000 20110312095350
1299923690 1.277000 20110312095450
1299923750 0.952000 20110312095550
1299923810 1.095000 20110312095650
1299923870 0.703000 20110312095750
1299923930 0.717000 20110312095850
1299923990 0.705000 20110312095950
1299924050 0.685000 20110312100050
1299924110 0.662000 20110312100150
1299924170 0.283000 20110312100250
1299924230 0.212000 20110312100350
1299924290 0.408000 20110312100450
1299924350 0.843000 20110312100550
1299924410 1.213000 20110312100650
1299924470 1.213000 20110312100750
1299924530 1.742000 20110312100850
1299924590 2.665000 20110312100950
1299924650 3.280000 20110312101050
1299924710 3.948000 20110312101150
1299924770 3.621000 20110312101250
1299924830 3.998000 20110312101350
1299924890 3.310000 20110312101450
1299924950 3.401000 20110312101550
1299925010 3.375000 20110312101650
1299925070 3.666000 20110312101750
1299925130 4.021000 20110312101850
1299925190 3.896000 20110312101950
1299925250 3.959000 20110312102050
1299925310 3.742000 20110312102150
1299925370 3.391000 20110312102250
1299925430 3.021000 20110312102350
1299925490 2.959000 20110312102450
1299925550 2.466000 20110312102550
1299925610 2.129000 20110312102650
1299925670 1.536000 20110312102750
1299925730 0.820000 20110312102850
1299925790 0.525000 20110312102950
1299925850 0.424000 20110312103050
1299925910 0.250000 20110312103150
1299925970 0.630000 20110312103250
1299926030 0.960000 20110312103350
1299926090 1.114000 20110312103450
1299926150 1.064000 20110312103550
1299926210 0.791000 20110312103650
1299926270 0.545000 20110312103750
1299926330 0.389000 20110312103850
1299926390 0.191000 20110312103950
1299926450 0.687000 20110312104050
1299926510 0.814000 20110312104150
1299926570 1.902000 20110312104250
1299926630 2.587000 20110312104350
1299926690 3.199000 20110312104450
1299926750 3.748000 20110312104550
1299926810 4.121000 20110312104650
1299926870 4.121000 20110312104750
1299926930 4.021000 20110312104850
1299926990 3.595000 20110312104950
1299927050 3.255000 20110312105050
1299927110 3.208000 20110312105150
1299927170 3.273000 20110312105250
1299927230 3.285000 20110312105350
1299927290 3.224000 20110312105450
1299927350 2.748000 20110312105550
1299927410 2.640000 20110312105650
1299927471 2.556000 20110312105751
1299927531 2.277000 20110312105851
1299927591 2.771000 20110312105951
1299927651 2.358000 20110312110051
1299927711 2.240000 20110312110151
1299927770 1.635000 20110312110250
1299927830 1.356000 20110312110350
1299927890 0.791000 20110312110450
1299927950 0.513000 20110312110550
1299928010 0.567000 20110312110650
1299928070 0.567000 20110312110750
1299928130 0.746000 20110312110850
1299928190 1.091000 20110312110950
1299928250 1.355000 20110312111050
1299928310 1.585000 20110312111150
1299928370 1.690000 20110312111250
1299928430 1.674000 20110312111350
1299928490 2.182000 20110312111450
1299928550 2.460000 20110312111550
1299928610 2.785000 20110312111650
1299928670 2.785000 20110312111750
1299928730 2.858000 20110312111850
1299928790 2.786000 20110312111950
1299928850 2.819000 20110312112050
1299928910 3.337000 20110312112150
1299928971 3.874000 20110312112251
1299929031 3.341000 20110312112351
1299929091 2.995000 20110312112451
1299929151 2.507000 20110312112551
1299929211 2.434000 20110312112651
1299929271 2.618000 20110312112751
1299929331 3.027000 20110312112851
1299929391 2.872000 20110312112951
1299929451 2.908000 20110312113051
1299929511 2.789000 20110312113151
1299929571 2.789000 20110312113251
1299929631 2.583000 20110312113351
1299929691 1.991000 20110312113451
1299929751 1.807000 20110312113551
1299929811 1.401000 20110312113651
1299929871 1.150000 20110312113751
1299929931 1.326000 20110312113851
1299929991 1.266000 20110312113951
1299930051 1.206000 20110312114051
1299930111 1.222000 20110312114151
1299930171 1.222000 20110312114251
1299930231 1.253000 20110312114351
1299930291 1.437000 20110312114451
1299930351 1.523000 20110312114551
1299930411 1.756000 20110312114651
1299930470 1.843000 20110312114750
1299930530 2.185000 20110312114850
1299930590 2.886000 20110312114950
1299930650 3.332000 20110312115050
1299930710 3.217000 20110312115150
1299930770 3.392000 20110312115250
1299930830 3.018000 20110312115350
1299930890 3.035000 20110312115450
1299930950 2.718000 20110312115550
1299931010 2.730000 20110312115650
1299931070 2.469000 20110312115750
1299931130 1.975000 20110312115850
1299931190 1.733000 20110312115950
1299931250 1.567000 20110312120050
1299931310 1.412000 20110312120150
1299931370 1.180000 20110312120250
1299931430 1.385000 20110312120350
1299931490 1.632000 20110312120450
1299931550 1.878000 20110312120550
1299931610 1.765000 20110312120650
1299931670 2.058000 20110312120750
1299931730 1.888000 20110312120850
1299931790 1.908000 20110312120950
1299931850 1.796000 20110312121050
1299931910 2.063000 20110312121150
1299931970 2.063000 20110312121250
1299932030 2.148000 20110312121350
1299932090 2.559000 20110312121450
1299932150 3.147000 20110312121550
1299932210 3.525000 20110312121650
1299932270 3.984000 20110312121750
1299932330 4.452000 20110312121850
1299932390 4.697000 20110312121950
1299932450 4.161000 20110312122050
1299932510 3.644000 20110312122150
1299932571 3.279000 20110312122251
1299932631 3.021000 20110312122351
1299932691 3.040000 20110312122451
1299932751 2.830000 20110312122551
1299932811 2.506000 20110312122651
1299932871 2.073000 20110312122751
1299932931 1.622000 20110312122851
1299932991 1.289000 20110312122951
1299933051 0.849000 20110312123051
1299933111 0.437000 20110312123151
1299933170 0.445000 20110312123250
1299933230 0.405000 20110312123350
1299933290 0.144000 20110312123450
1299933350 0.538000 20110312123550
1299933410 0.341000 20110312123650
1299933470 0.519000 20110312123750
1299933530 0.631000 20110312123850
1299933590 0.539000 20110312123950
1299933650 0.588000 20110312124050
1299933710 0.560000 20110312124150
1299933770 1.229000 20110312124250
1299933830 1.622000 20110312124350
1299933890 2.136000 20110312124450
1299933950 2.433000 20110312124550
1299934010 3.155000 20110312124650
1299934070 3.531000 20110312124750
1299934130 4.007000 20110312124850
1299934190 3.842000 20110312124950
1299934250 3.766000 20110312125050
1299934310 3.539000 20110312125150
1299934370 3.556000 20110312125250
1299934430 3.255000 20110312125350
1299934490 2.859000 20110312125450
1299934550 2.732000 20110312125550
1299934610 2.549000 20110312125650
1299934670 2.549000 20110312125750
1299934730 2.689000 20110312125850
1299934790 3.162000 20110312125950
1299934850 3.186000 20110312130050
1299934910 2.953000 20110312130150
1299934970 2.503000 20110312130250
1299935030 2.228000 20110312130350
1299935090 1.867000 20110312130450
1299935150 1.904000 20110312130550
1299935210 1.891000 20110312130650
1299935270 2.063000 20110312130750
1299935330 2.049000 20110312130850
1299935390 1.976000 20110312130950
1299935450 1.940000 20110312131050
1299935510 1.823000 20110312131150
1299935570 1.823000 20110312131250
1299935630 1.893000 20110312131350
1299935690 1.629000 20110312131450
1299935750 1.507000 20110312131550
1299935810 1.565000 20110312131650
1299935870 1.372000 20110312131750
1299935930 1.430000 20110312131850
1299935990 1.831000 20110312131950
1299936050 2.102000 20110312132050
1299936110 2.404000 20110312132150
1299936170 2.397000 20110312132250
1299936230 2.342000 20110312132350
1299936290 2.155000 20110312132450
1299936350 2.548000 20110312132550
1299936410 2.753000 20110312132650
1299936470 3.085000 20110312132750
1299936530 3.573000 20110312132850
1299936590 3.761000 20110312132950
1299936650 3.551000 20110312133050
1299936710 3.092000 20110312133150
1299936770 2.616000 20110312133250
1299936830 2.488000 20110312133350
1299936890 2.450000 20110312133450
1299936950 2.587000 20110312133550
1299937010 2.737000 20110312133650
1299937070 2.873000 20110312133750
1299937130 2.731000 20110312133850
1299937190 2.417000 20110312133950
1299937250 2.165000 20110312134050
1299937310 1.672000 20110312134150
1299937370 1.373000 20110312134250
1299937430 1.228000 20110312134350
1299937490 1.314000 20110312134450
1299937550 1.502000 20110312134550
1299937610 1.500000 20110312134650
1299937670 1.672000 20110312134750
1299937730 1.604000 20110312134850
1299937790 1.525000 20110312134950
1299937850 1.193000 20110312135050
1299937910 1.139000 20110312135150
1299937970 1.857000 20110312135250
1299938030 2.416000 20110312135350
1299938090 2.586000 20110312135450
1299938150 2.611000 20110312135550
1299938210 2.595000 20110312135650
1299938271 2.595000 20110312135751
1299938331 2.629000 20110312135851
1299938391 2.767000 20110312135951
1299938451 2.991000 20110312140051
1299938511 3.187000 20110312140151
1299938570 3.425000 20110312140250
1299938630 3.708000 20110312140350
1299938690 3.816000 20110312140450
1299938750 4.472000 20110312140550
1299938810 4.042000 20110312140650
1299938870 4.139000 20110312140750
1299938930 3.805000 20110312140850
1299938990 3.616000 20110312140950
1299939050 3.129000 20110312141050
1299939110 2.531000 20110312141150
1299939170 2.174000 20110312141250
1299939230 1.846000 20110312141350
1299939290 1.238000 20110312141450
1299939350 1.225000 20110312141550
1299939410 1.099000 20110312141650
1299939470 1.289000 20110312141750
1299939530 1.313000 20110312141850
1299939590 1.575000 20110312141950
1299939650 1.343000 20110312142050
1299939710 1.591000 20110312142150
1299939771 1.450000 20110312142251
1299939831 1.570000 20110312142351
1299939891 1.590000 20110312142451
1299939951 1.928000 20110312142551
1299940011 2.150000 20110312142651
1299940071 2.314000 20110312142751
1299940131 2.494000 20110312142851
1299940191 3.002000 20110312142951
1299940251 3.368000 20110312143051
1299940311 4.149000 20110312143151
1299940371 4.202000 20110312143251
1299940431 3.907000 20110312143351
1299940491 3.556000 20110312143451
1299940551 3.527000 20110312143551
1299940611 3.153000 20110312143651
1299940671 3.001000 20110312143751
1299940731 2.867000 20110312143851
1299940791 2.582000 20110312143951
1299940851 2.391000 20110312144051
1299940911 2.047000 20110312144151
1299940971 1.542000 20110312144251
1299941031 1.531000 20110312144351
1299941091 1.370000 20110312144451
1299941151 1.535000 20110312144551
1299941211 1.246000 20110312144651
1299941270 1.246000 20110312144750
1299941330 1.514000 20110312144850
1299941390 1.317000 20110312144950
1299941450 1.558000 20110312145050
1299941510 1.611000 20110312145150
1299941570 1.750000 20110312145250
1299941630 2.284000 20110312145350
1299941690 2.698000 20110312145450
1299941750 2.560000 20110312145550
1299941810 2.724000 20110312145650
1299941870 2.446000 20110312145750
1299941930 2.787000 20110312145850
1299941990 2.894000 20110312145950
1299942050 2.948000 20110312150050
1299942110 2.926000 20110312150150
1299942170 2.751000 20110312150250
1299942230 2.695000 20110312150350
1299942290 2.407000 20110312150450
1299942350 2.272000 20110312150550
1299942410 2.403000 20110312150650
1299942470 2.636000 20110312150750
1299942530 2.836000 20110312150850
1299942590 3.016000 20110312150950
1299942650 3.210000 20110312151050
1299942710 3.217000 20110312151150
1299942770 2.850000 20110312151250
1299942830 2.314000 20110312151350
1299942890 2.176000 20110312151450
1299942950 2.040000 20110312151550
1299943010 2.114000 20110312151650
1299943070 2.004000 20110312151750
1299943130 2.280000 20110312151850
1299943190 2.278000 20110312151950
1299943250 2.355000 20110312152050
1299943310 2.390000 20110312152150
1299943371 2.390000 20110312152251
1299943431 2.267000 20110312152351
1299943491 2.625000 20110312152451
1299943551 2.569000 20110312152551
1299943611 2.822000 20110312152651
1299943671 2.604000 20110312152751
1299943731 2.682000 20110312152851
1299943791 2.377000 20110312152951
1299943851 2.583000 20110312153051
1299943911 2.559000 20110312153151
1299943970 2.805000 20110312153250
1299944030 2.971000 20110312153350
1299944090 3.144000 20110312153450
1299944150 3.160000 20110312153550
1299944210 2.957000 20110312153650
1299944270 3.011000 20110312153750
1299944330 2.963000 20110312153850
1299944390 2.869000 20110312153950
1299944450 3.026000 20110312154050
1299944510 3.042000 20110312154150
1299944570 3.018000 20110312154250
1299944630 2.716000 20110312154350
1299944690 2.803000 20110312154450
1299944750 2.592000 20110312154550
1299944810 2.556000 20110312154650
1299944870 2.381000 20110312154750
1299944930 2.232000 20110312154850
1299944990 2.182000 20110312154950
1299945050 1.953000 20110312155050
1299945110 2.018000 20110312155150
1299945170 1.928000 20110312155250
1299945230 2.281000 20110312155350
1299945290 2.507000 20110312155450
1299945350 2.288000 20110312155550
1299945410 2.480000 20110312155650
1299945470 2.179000 20110312155750
1299945530 2.403000 20110312155850
1299945590 2.554000 20110312155950
1299945650 2.503000 20110312160050
1299945710 2.632000 20110312160150
1299945770 2.493000 20110312160250
1299945830 2.648000 20110312160350
1299945890 2.809000 20110312160450
1299945950 2.705000 20110312160550
1299946010 2.929000 20110312160650
1299946070 2.554000 20110312160750
1299946130 2.968000 20110312160850
1299946190 2.824000 20110312160950
1299946250 2.710000 20110312161050
1299946310 2.497000 20110312161150
1299946370 2.702000 20110312161250
1299946430 2.358000 20110312161350
1299946490 2.545000 20110312161450
1299946550 2.312000 20110312161550
1299946610 2.291000 20110312161650
1299946670 2.139000 20110312161750
1299946730 2.101000 20110312161850
1299946790 2.197000 20110312161950
1299946850 2.285000 20110312162050
1299946910 2.360000 20110312162150
1299946970 2.360000 20110312162250
1299947030 2.567000 20110312162350
1299947090 2.513000 20110312162450
1299947150 2.681000 20110312162550
1299947210 2.826000 20110312162650
1299947270 3.018000 20110312162750
1299947330 3.415000 20110312162850
1299947390 3.696000 20110312162950
1299947450 3.432000 20110312163050
1299947510 3.480000 20110312163150
1299947570 3.033000 20110312163250
1299947630 2.663000 20110312163350
1299947690 2.692000 20110312163450
1299947750 2.748000 20110312163550
1299947810 3.162000 20110312163650
1299947870 3.178000 20110312163750
1299947930 3.483000 20110312163850
1299947990 3.353000 20110312163950
1299948050 3.175000 20110312164050
1299948110 3.063000 20110312164150
1299948170 3.245000 20110312164250
1299948230 3.392000 20110312164350
1299948290 3.863000 20110312164450
1299948350 3.612000 20110312164550
1299948410 3.711000 20110312164650
1299948470 3.129000 20110312164750
1299948530 3.023000 20110312164850
1299948590 2.218000 20110312164950
1299948650 2.272000 20110312165050
1299948710 1.646000 20110312165150
1299948770 1.810000 20110312165250
1299948830 1.457000 20110312165350
1299948890 1.671000 20110312165450
1299948950 1.158000 20110312165550
1299949010 1.671000 20110312165650
1299949071 1.308000 20110312165751
1299949131 1.607000 20110312165851
1299949191 1.628000 20110312165951
1299949251 1.729000 20110312170051
1299949311 1.770000 20110312170151
1299949370 1.771000 20110312170250
1299949430 2.015000 20110312170350
1299949490 2.416000 20110312170450
1299949550 2.915000 20110312170550
1299949610 3.627000 20110312170650
1299949670 4.215000 20110312170750
1299949730 4.412000 20110312170850
1299949790 4.713000 20110312170950
1299949850 4.466000 20110312171050
1299949910 4.088000 20110312171150
1299949970 3.737000 20110312171250
1299950030 3.186000 20110312171350
1299950090 3.278000 20110312171450
1299950150 2.976000 20110312171550
1299950210 3.176000 20110312171650
1299950270 3.026000 20110312171750
1299950330 3.067000 20110312171850
1299950390 2.752000 20110312171950
1299950450 2.356000 20110312172050
1299950510 2.146000 20110312172150
1299950571 2.264000 20110312172251
1299950631 2.077000 20110312172351
1299950691 1.899000 20110312172451
1299950751 1.795000 20110312172551
1299950811 1.781000 20110312172651
1299950871 1.877000 20110312172751
1299950931 1.988000 20110312172851
1299950991 1.918000 20110312172951
1299951051 2.000000 20110312173051
1299951111 1.971000 20110312173151
1299951171 2.229000 20110312173251
1299951231 2.384000 20110312173351
1299951291 2.434000 20110312173451
1299951351 2.456000 20110312173551
1299951411 2.820000 20110312173651
1299951471 2.739000 20110312173751
1299951531 2.814000 20110312173851
1299951591 2.766000 20110312173951
1299951651 2.856000 20110312174051
1299951711 3.140000 20110312174151
1299951771 3.140000 20110312174251
1299951831 3.325000 20110312174351
1299951891 3.481000 20110312174451
1299951951 3.614000 20110312174551
1299952011 3.693000 20110312174651
1299952070 3.697000 20110312174750
1299952130 3.578000 20110312174850
1299952190 3.543000 20110312174950
1299952250 3.321000 20110312175050
1299952310 3.307000 20110312175150
1299952370 3.096000 20110312175250
1299952430 3.091000 20110312175350
1299952490 3.102000 20110312175450
1299952550 3.163000 20110312175550
1299952610 3.036000 20110312175650
1299952670 2.794000 20110312175750
1299952730 2.450000 20110312175850
1299952790 2.462000 20110312175950
1299952850 2.113000 20110312180050
1299952910 2.589000 20110312180150
1299952970 2.551000 20110312180250
1299953030 2.741000 20110312180350
1299953090 2.615000 20110312180450
1299953150 2.566000 20110312180550
1299953210 2.508000 20110312180650
1299953270 2.425000 20110312180750
1299953330 2.451000 20110312180850
1299953390 2.290000 20110312180950
1299953450 2.581000 20110312181050
1299953510 2.710000 20110312181150
1299953570 2.945000 20110312181250
1299953630 3.205000 20110312181350
1299953690 3.523000 20110312181450
1299953750 3.649000 20110312181550
1299953810 3.627000 20110312181650
1299953870 3.140000 20110312181750
1299953930 2.826000 20110312181850
1299953990 2.611000 20110312181950
1299954050 2.208000 20110312182050
1299954110 2.378000 20110312182150
1299954171 2.172000 20110312182251
1299954231 2.305000 20110312182351
1299954291 2.114000 20110312182451
1299954351 2.008000 20110312182551
1299954411 2.029000 20110312182651
1299954471 2.309000 20110312182751
1299954531 2.340000 20110312182851
1299954591 2.643000 20110312182951
1299954651 2.520000 20110312183051
1299954711 2.668000 20110312183151
1299954770 2.977000 20110312183250
1299954830 2.765000 20110312183350
1299954890 3.128000 20110312183450
1299954950 3.225000 20110312183550
1299955010 3.393000 20110312183650
1299955070 3.393000 20110312183750
1299955130 3.698000 20110312183850
1299955190 3.664000 20110312183950
1299955250 3.712000 20110312184050
1299955310 3.427000 20110312184150
1299955370 3.257000 20110312184250
1299955430 2.912000 20110312184350
1299955490 2.873000 20110312184450
1299955550 2.508000 20110312184550
1299955610 2.926000 20110312184650
1299955670 2.467000 20110312184750
1299955730 2.795000 20110312184850
1299955790 2.554000 20110312184950
1299955850 2.606000 20110312185050
1299955910 2.222000 20110312185150
1299955970 2.318000 20110312185250
1299956030 2.504000 20110312185350
1299956090 2.529000 20110312185450
1299956150 2.655000 20110312185550
1299956210 2.643000 20110312185650
1299956270 2.643000 20110312185750
1299956330 2.459000 20110312185850
1299956390 2.315000 20110312185950
1299956450 2.379000 20110312190050
1299956510 2.502000 20110312190150
1299956570 2.501000 20110312190250
1299956630 2.411000 20110312190350
1299956690 2.782000 20110312190450
1299956750 2.891000 20110312190550
1299956810 2.979000 20110312190650
1299956870 3.027000 20110312190750
1299956930 2.995000 20110312190850
1299956990 2.948000 20110312190950
1299957050 3.031000 20110312191050
1299957110 2.642000 20110312191150
1299957170 2.750000 20110312191250
1299957230 2.682000 20110312191350
1299957290 2.931000 20110312191450
1299957350 2.900000 20110312191550
1299957410 2.819000 20110312191650
1299957470 3.227000 20110312191750
1299957530 3.119000 20110312191850
1299957590 3.519000 20110312191950
1299957650 3.774000 20110312192050
1299957710 3.710000 20110312192150
1299957770 3.925000 20110312192250
1299957830 3.673000 20110312192350
1299957890 3.540000 20110312192450
1299957950 3.277000 20110312192550
1299958010 2.968000 20110312192650
1299958070 2.727000 20110312192750
1299958130 2.647000 20110312192850
1299958190 2.587000 20110312192950
1299958250 2.183000 20110312193050
1299958310 2.173000 20110312193150
1299958370 2.173000 20110312193250
1299958430 1.665000 20110312193350
1299958490 1.973000 20110312193450
1299958550 1.538000 20110312193550
1299958610 2.129000 20110312193650
1299958670 1.955000 20110312193750
1299958730 2.364000 20110312193850
1299958790 2.049000 20110312193950
1299958850 2.520000 20110312194050
1299958910 2.324000 20110312194150
1299958970 2.534000 20110312194250
1299959030 2.961000 20110312194350
1299959090 2.931000 20110312194450
1299959150 3.444000 20110312194550
1299959210 3.461000 20110312194650
1299959270 3.461000 20110312194750
1299959330 3.531000 20110312194850
1299959390 3.315000 20110312194950
1299959450 3.124000 20110312195050
1299959510 2.884000 20110312195150
1299959570 2.544000 20110312195250
1299959630 2.429000 20110312195350
1299959690 2.399000 20110312195450
1299959750 2.424000 20110312195550
1299959810 2.642000 20110312195650
1299959871 2.716000 20110312195751
1299959931 3.055000 20110312195851
1299959991 2.810000 20110312195951
1299960051 3.071000 20110312200051
1299960111 2.992000 20110312200151
1299960170 2.796000 20110312200250
1299960230 2.876000 20110312200350
1299960290 2.622000 20110312200450
1299960350 2.449000 20110312200550
1299960410 2.583000 20110312200650
1299960470 2.286000 20110312200750
1299960530 2.383000 20110312200850
1299960590 2.192000 20110312200950
1299960650 2.164000 20110312201050
1299960710 2.265000 20110312201150
1299960770 2.303000 20110312201250
1299960830 2.415000 20110312201350
1299960890 2.457000 20110312201450
1299960950 2.490000 20110312201550
1299961010 2.699000 20110312201650
1299961070 2.888000 20110312201750
1299961130 3.100000 20110312201850
1299961190 2.903000 20110312201950
1299961250 3.284000 20110312202050
1299961310 3.215000 20110312202150
1299961371 3.412000 20110312202251
1299961431 3.461000 20110312202351
1299961491 3.289000 20110312202451
1299961551 3.064000 20110312202551
1299961611 2.876000 20110312202651
1299961671 3.146000 20110312202751
1299961731 3.215000 20110312202851
1299961791 2.982000 20110312202951
1299961851 3.100000 20110312203051
1299961911 3.072000 20110312203151
1299961971 2.763000 20110312203251
1299962031 2.482000 20110312203351
1299962091 2.511000 20110312203451
1299962151 2.406000 20110312203551
1299962211 2.464000 20110312203651
1299962271 2.464000 20110312203751
1299962331 2.519000 20110312203851
1299962391 2.580000 20110312203951
1299962451 2.494000 20110312204051
1299962511 2.616000 20110312204151
1299962571 2.526000 20110312204251
1299962631 2.643000 20110312204351
1299962691 2.529000 20110312204451
1299962751 2.658000 20110312204551
1299962811 2.698000 20110312204651
1299962870 2.885000 20110312204750
1299962930 2.983000 20110312204850
1299962990 3.396000 20110312204950
1299963050 2.847000 20110312205050
1299963110 2.849000 20110312205150
1299963170 2.849000 20110312205250
1299963230 2.684000 20110312205350
1299963290 2.503000 20110312205450
1299963350 2.460000 20110312205550
1299963410 2.441000 20110312205650
1299963470 2.324000 20110312205750
1299963530 2.349000 20110312205850
1299963590 2.241000 20110312205950
1299963650 2.009000 20110312210050
1299963710 1.984000 20110312210150
1299963770 2.090000 20110312210250
1299963830 1.977000 20110312210350
1299963890 1.880000 20110312210450
1299963950 1.841000 20110312210550
1299964010 1.942000 20110312210650
1299964070 1.942000 20110312210750
1299964130 1.811000 20110312210850
1299964190 2.254000 20110312210950
1299964250 2.410000 20110312211050
1299964310 2.471000 20110312211150
1299964370 2.786000 20110312211250
1299964430 2.917000 20110312211350
1299964490 3.066000 20110312211450
1299964550 2.976000 20110312211550
1299964610 3.165000 20110312211650
1299964670 3.218000 20110312211750
1299964730 3.252000 20110312211850
1299964790 3.131000 20110312211950
1299964850 2.949000 20110312212050
1299964910 3.050000 20110312212150
1299964971 3.050000 20110312212251
1299965031 2.812000 20110312212351
1299965091 3.107000 20110312212451
1299965151 3.174000 20110312212551
1299965211 3.314000 20110312212651
1299965271 3.420000 20110312212751
1299965331 3.420000 20110312212851
1299965391 3.047000 20110312212951
1299965451 2.775000 20110312213051
1299965511 2.666000 20110312213151
1299965570 2.812000 20110312213250
1299965630 2.657000 20110312213350
1299965690 2.834000 20110312213450
1299965750 2.807000 20110312213550
1299965810 2.726000 20110312213650
1299965870 2.202000 20110312213750
1299965930 2.008000 20110312213850
1299965990 2.003000 20110312213950
1299966050 1.855000 20110312214050
1299966110 2.325000 20110312214150
1299966170 2.325000 20110312214250
1299966230 2.160000 20110312214350
1299966290 2.226000 20110312214450
1299966350 2.052000 20110312214550
1299966410 2.164000 20110312214650
1299966470 2.043000 20110312214750
1299966530 2.226000 20110312214850
1299966590 2.537000 20110312214950
1299966650 2.734000 20110312215050
1299966710 2.529000 20110312215150
1299966770 2.491000 20110312215250
1299966830 2.422000 20110312215350
1299966890 2.149000 20110312215450
1299966950 2.298000 20110312215550
1299967010 2.253000 20110312215650
1299967070 2.253000 20110312215750
1299967130 2.447000 20110312215850
1299967190 2.674000 20110312215950
1299967250 2.865000 20110312220050
1299967310 2.913000 20110312220150
1299967370 3.107000 20110312220250
1299967430 2.939000 20110312220350
1299967490 2.554000 20110312220450
1299967550 2.285000 20110312220550
1299967610 1.781000 20110312220650
1299967670 1.861000 20110312220750
1299967730 2.147000 20110312220850
1299967790 2.175000 20110312220950
1299967850 2.577000 20110312221050
1299967910 2.729000 20110312221150
1299967970 2.779000 20110312221250
1299968030 2.842000 20110312221350
1299968090 2.805000 20110312221450
1299968150 2.672000 20110312221550
1299968210 2.813000 20110312221650
1299968270 2.783000 20110312221750
1299968330 2.610000 20110312221850
1299968390 2.667000 20110312221950
1299968450 2.966000 20110312222050
1299968510 2.933000 20110312222150
1299968570 3.011000 20110312222250
1299968630 3.006000 20110312222350
1299968690 3.063000 20110312222450
1299968750 2.961000 20110312222550
1299968810 2.607000 20110312222650
1299968870 2.641000 20110312222750
1299968930 2.682000 20110312222850
1299968990 2.619000 20110312222950
1299969050 2.901000 20110312223050
1299969110 2.735000 20110312223150
1299969170 3.143000 20110312223250
1299969230 2.759000 20110312223350
1299969290 2.708000 20110312223450
1299969350 2.460000 20110312223550
1299969410 2.390000 20110312223650
1299969470 2.445000 20110312223750
1299969530 2.365000 20110312223850
1299969590 2.312000 20110312223950
1299969650 2.351000 20110312224050
1299969710 2.340000 20110312224150
1299969770 2.340000 20110312224250
1299969830 2.190000 20110312224350
1299969890 2.354000 20110312224450
1299969950 1.947000 20110312224550
1299970010 1.992000 20110312224650
1299970070 1.793000 20110312224750
1299970130 2.135000 20110312224850
1299970190 1.671000 20110312224950
1299970250 2.391000 20110312225050
1299970310 1.984000 20110312225150
1299970370 1.902000 20110312225250
1299970430 2.124000 20110312225350
1299970490 1.955000 20110312225450
1299970550 2.459000 20110312225550
1299970610 2.405000 20110312225650
1299970671 3.001000 20110312225751
1299970731 2.727000 20110312225851
1299970791 2.993000 20110312225951
1299970851 2.966000 20110312230051
1299970911 3.137000 20110312230151
1299970970 3.137000 20110312230250
1299971030 3.037000 20110312230350
1299971090 3.399000 20110312230450
1299971150 2.996000 20110312230550
1299971210 3.301000 20110312230650
1299971270 3.082000 20110312230750
1299971330 3.366000 20110312230850
1299971390 3.278000 20110312230950
1299971450 3.270000 20110312231050
1299971510 2.950000 20110312231150
1299971570 2.770000 20110312231250
1299971630 2.319000 20110312231350
1299971690 2.192000 20110312231450
1299971750 2.310000 20110312231550
1299971810 1.839000 20110312231650
1299971870 1.794000 20110312231750
1299971930 1.612000 20110312231850
1299971990 1.739000 20110312231950
1299972050 1.605000 20110312232050
1299972110 1.736000 20110312232150
1299972171 1.689000 20110312232251
1299972231 1.855000 20110312232351
1299972291 1.668000 20110312232451
1299972351 1.889000 20110312232551
1299972411 1.954000 20110312232651
1299972471 2.419000 20110312232751
1299972531 2.223000 20110312232851
1299972591 2.530000 20110312232951
1299972651 2.518000 20110312233051
1299972711 2.720000 20110312233151
1299972771 2.888000 20110312233251
1299972831 3.176000 20110312233351
1299972891 3.036000 20110312233451
1299972951 3.012000 20110312233551
1299973011 3.137000 20110312233651
1299973071 3.137000 20110312233751
1299973131 2.761000 20110312233851
1299973191 2.576000 20110312233951
1299973251 2.480000 20110312234051
1299973311 2.364000 20110312234151
1299973371 2.421000 20110312234251
1299973431 2.311000 20110312234351
1299973491 2.345000 20110312234451
1299973551 2.297000 20110312234551
1299973611 2.380000 20110312234651
1299973670 2.052000 20110312234750
1299973730 2.177000 20110312234850
1299973790 2.255000 20110312234950
1299973850 2.394000 20110312235050
1299973910 2.170000 20110312235150
1299973970 2.170000 20110312235250
1299974030 2.397000 20110312235350
1299974090 2.510000 20110312235450
1299974150 2.350000 20110312235550
1299974210 2.416000 20110312235650
1299974270 0.018300 20110312235750
1299974330 0.080000 20110312235850
1299974390 0.000000 20110312235950
