Coquimbo,_Chile ADC117B2 shoa Continuous -29.9501 -71.3353 20150916
Unknown m UTC 1 min Unknown NTWC Unfiltered
1_minute_data_via_GOES
Data Format: SampleTime(epochal 1/1/1970)  WaterLevel  SampleTime(yyymmddhhmmss)
1442361600 1.973000 201509160000
1442361660 1.952000 201509160001
1442361720 1.900000 201509160002
1442361780 1.936000 201509160003
1442361840 1.974000 201509160004
1442361900 1.961000 201509160005
1442361960 1.978000 201509160006
1442362020 1.996000 201509160007
1442362080 1.983000 201509160008
1442362140 2.021000 201509160009
1442362200 1.976000 201509160010
1442362260 2.027000 201509160011
1442362320 2.027000 201509160012
1442362380 2.014000 201509160013
1442362440 2.035000 201509160014
1442362500 2.015000 201509160015
1442362560 2.060000 201509160016
1442362620 2.015000 201509160017
1442362680 2.008000 201509160018
1442362740 2.014000 201509160019
1442362800 1.996000 201509160020
1442362860 2.008000 201509160021
1442362920 2.058000 201509160022
1442362980 2.002000 201509160023
1442363040 2.040000 201509160024
1442363100 2.076000 201509160025
1442363160 2.085000 201509160026
1442363220 2.082000 201509160027
1442363280 2.093000 201509160028
1442363340 2.133000 201509160029
1442363400 2.045000 201509160030
1442363460 2.073000 201509160031
1442363520 2.112000 201509160032
1442363580 2.087000 201509160033
1442363640 2.105000 201509160034
1442363700 2.103000 201509160035
1442363760 2.075000 201509160036
1442363820 2.132000 201509160037
1442363880 2.120000 201509160038
1442363940 2.116000 201509160039
1442364000 2.139000 201509160040
1442364060 2.091000 201509160041
1442364120 2.170000 201509160042
1442364180 2.103000 201509160043
1442364240 2.148000 201509160044
1442364300 2.170000 201509160045
1442364360 2.129000 201509160046
1442364420 2.150000 201509160047
1442364480 2.161000 201509160048
1442364540 2.188000 201509160049
1442364600 2.153000 201509160050
1442364660 2.170000 201509160051
1442364720 2.161000 201509160052
1442364780 2.198000 201509160053
1442364840 2.197000 201509160054
1442364900 2.173000 201509160055
1442364960 2.175000 201509160056
1442365020 2.196000 201509160057
1442365080 2.201000 201509160058
1442365140 2.179000 201509160059
1442365200 2.192000 201509160100
1442365260 2.208000 201509160101
1442365320 2.176000 201509160102
1442365380 2.202000 201509160103
1442365440 2.252000 201509160104
1442365500 2.225000 201509160105
1442365560 2.217000 201509160106
1442365620 2.258000 201509160107
1442365680 2.275000 201509160108
1442365740 2.265000 201509160109
1442365800 2.252000 201509160110
1442365860 2.259000 201509160111
1442365920 2.297000 201509160112
1442365980 2.236000 201509160113
1442366040 2.220000 201509160114
1442366100 2.308000 201509160115
1442366160 2.264000 201509160116
1442366220 2.249000 201509160117
1442366280 2.281000 201509160118
1442366340 2.297000 201509160119
1442366400 2.306000 201509160120
1442366460 2.340000 201509160121
1442366520 2.295000 201509160122
1442366580 2.311000 201509160123
1442366640 2.307000 201509160124
1442366700 2.362000 201509160125
1442366760 2.321000 201509160126
1442366820 2.316000 201509160127
1442366880 2.315000 201509160128
1442366940 2.318000 201509160129
1442367000 2.314000 201509160130
1442367060 2.327000 201509160131
1442367120 2.309000 201509160132
1442367180 2.327000 201509160133
1442367240 2.303000 201509160134
1442367300 2.345000 201509160135
1442367360 2.384000 201509160136
1442367420 2.369000 201509160137
1442367480 2.392000 201509160138
1442367540 2.385000 201509160139
1442367600 2.369000 201509160140
1442367660 2.366000 201509160141
1442367720 2.391000 201509160142
1442367780 2.359000 201509160143
1442367840 2.370000 201509160144
1442367900 2.373000 201509160145
1442367960 2.382000 201509160146
1442368020 2.427000 201509160147
1442368080 2.396000 201509160148
1442368140 2.407000 201509160149
1442368200 2.418000 201509160150
1442368260 2.427000 201509160151
1442368320 2.402000 201509160152
1442368380 2.432000 201509160153
1442368440 2.432000 201509160154
1442368500 2.431000 201509160155
1442368560 2.425000 201509160156
1442368620 2.384000 201509160157
1442368680 2.405000 201509160158
1442368740 2.376000 201509160159
1442368800 2.415000 201509160200
1442368860 2.436000 201509160201
1442368920 2.399000 201509160202
1442368980 2.437000 201509160203
1442369040 2.458000 201509160204
1442369100 2.485000 201509160205
1442369160 2.474000 201509160206
1442369220 2.453000 201509160207
1442369280 2.473000 201509160208
1442369340 2.442000 201509160209
1442369400 2.463000 201509160210
1442369460 2.444000 201509160211
1442369520 2.437000 201509160212
1442369580 2.446000 201509160213
1442369640 2.483000 201509160214
1442369700 2.494000 201509160215
1442369760 2.482000 201509160216
1442369820 2.507000 201509160217
1442369880 2.498000 201509160218
1442369940 2.533000 201509160219
1442370000 2.513000 201509160220
1442370060 2.536000 201509160221
1442370120 2.547000 201509160222
1442370180 2.509000 201509160223
1442370240 2.549000 201509160224
1442370300 2.483000 201509160225
1442370360 2.496000 201509160226
1442370420 2.487000 201509160227
1442370480 2.494000 201509160228
1442370540 2.501000 201509160229
1442370600 2.477000 201509160230
1442370660 2.492000 201509160231
1442370720 2.514000 201509160232
1442370780 2.514000 201509160233
1442370840 2.547000 201509160234
1442370900 2.529000 201509160235
1442370960 2.523000 201509160236
1442371020 2.528000 201509160237
1442371080 2.543000 201509160238
1442371140 2.537000 201509160239
1442371200 2.512000 201509160240
1442371260 2.519000 201509160241
1442371320 2.528000 201509160242
1442371380 2.516000 201509160243
1442371440 2.534000 201509160244
1442371500 2.508000 201509160245
1442371560 2.541000 201509160246
1442371620 2.531000 201509160247
1442371680 2.581000 201509160248
1442371740 2.547000 201509160249
1442371800 2.557000 201509160250
1442371860 2.572000 201509160251
1442371920 2.551000 201509160252
1442371980 2.548000 201509160253
1442372040 2.568000 201509160254
1442372100 2.560000 201509160255
1442372160 2.587000 201509160256
1442372220 2.569000 201509160257
1442372280 2.601000 201509160258
1442372340 2.592000 201509160259
1442372400 2.588000 201509160300
1442372460 2.580000 201509160301
1442372520 2.606000 201509160302
1442372580 2.602000 201509160303
1442372640 2.578000 201509160304
1442372700 2.588000 201509160305
1442372760 2.541000 201509160306
1442372820 2.599000 201509160307
1442372880 2.573000 201509160308
1442372940 2.541000 201509160309
1442373000 2.573000 201509160310
1442373060 2.522000 201509160311
1442373120 2.568000 201509160312
1442373180 2.584000 201509160313
1442373240 2.588000 201509160314
1442373300 2.574000 201509160315
1442373360 2.558000 201509160316
1442373420 2.584000 201509160317
1442373480 2.627000 201509160318
1442373540 2.560000 201509160319
1442373600 2.613000 201509160320
1442373660 2.574000 201509160321
1442373720 2.620000 201509160322
1442373780 2.607000 201509160323
1442373840 2.596000 201509160324
1442373900 2.596000 201509160325
1442373960 2.589000 201509160326
1442374020 2.606000 201509160327
1442374080 2.588000 201509160328
1442374140 2.579000 201509160329
1442374200 2.606000 201509160330
1442374260 2.582000 201509160331
1442374320 2.567000 201509160332
1442374380 2.571000 201509160333
1442374440 2.571000 201509160334
1442374500 2.593000 201509160335
1442374560 2.560000 201509160336
1442374620 2.588000 201509160337
1442374680 2.597000 201509160338
1442374740 2.578000 201509160339
1442374800 2.548000 201509160340
1442374860 2.583000 201509160341
1442374920 2.583000 201509160342
1442374980 2.566000 201509160343
1442375040 2.575000 201509160344
1442375100 2.586000 201509160345
1442375160 2.583000 201509160346
1442375220 2.548000 201509160347
1442375280 2.589000 201509160348
1442375340 2.584000 201509160349
1442375400 2.606000 201509160350
1442375460 2.583000 201509160351
1442375520 2.581000 201509160352
1442375580 2.590000 201509160353
1442375640 2.585000 201509160354
1442375700 2.606000 201509160355
1442375760 2.586000 201509160356
1442375820 2.592000 201509160357
1442375880 2.586000 201509160358
1442375940 2.589000 201509160359
1442376000 2.568000 201509160400
1442376060 2.542000 201509160401
1442376120 2.546000 201509160402
1442376180 2.563000 201509160403
1442376240 2.526000 201509160404
1442376300 2.568000 201509160405
1442376360 2.529000 201509160406
1442376420 2.540000 201509160407
1442376480 2.546000 201509160408
1442376540 2.513000 201509160409
1442376600 2.565000 201509160410
1442376660 2.515000 201509160411
1442376720 2.551000 201509160412
1442376780 2.561000 201509160413
1442376840 2.557000 201509160414
1442376900 2.589000 201509160415
1442376960 2.599000 201509160416
1442377020 2.583000 201509160417
1442377080 2.571000 201509160418
1442377140 2.536000 201509160419
1442377200 2.557000 201509160420
1442377260 2.538000 201509160421
1442377320 2.520000 201509160422
1442377380 2.538000 201509160423
1442377440 2.504000 201509160424
1442377500 2.523000 201509160425
1442377560 2.508000 201509160426
1442377620 2.544000 201509160427
1442377680 2.525000 201509160428
1442377740 2.529000 201509160429
1442377800 2.524000 201509160430
1442377860 2.504000 201509160431
1442377920 2.513000 201509160432
1442377980 2.490000 201509160433
1442378040 2.485000 201509160434
1442378100 2.509000 201509160435
1442378160 2.518000 201509160436
1442378220 2.502000 201509160437
1442378280 2.503000 201509160438
1442378340 2.514000 201509160439
1442378400 2.524000 201509160440
1442378460 2.521000 201509160441
1442378520 2.494000 201509160442
1442378580 2.475000 201509160443
1442378640 2.490000 201509160444
1442378700 2.470000 201509160445
1442378760 2.464000 201509160446
1442378820 2.487000 201509160447
1442378880 2.485000 201509160448
1442378940 2.471000 201509160449
1442379000 2.461000 201509160450
1442379060 2.482000 201509160451
1442379120 2.481000 201509160452
1442379180 2.486000 201509160453
1442379240 2.467000 201509160454
1442379300 2.468000 201509160455
1442379360 2.470000 201509160456
1442379420 2.432000 201509160457
1442379480 2.451000 201509160458
1442379540 2.421000 201509160459
1442379600 2.402000 201509160500
1442379660 2.419000 201509160501
1442379720 2.411000 201509160502
1442379780 2.422000 201509160503
1442379840 2.407000 201509160504
1442379900 2.398000 201509160505
1442379960 2.402000 201509160506
1442380020 2.403000 201509160507
1442380080 2.442000 201509160508
1442380140 2.402000 201509160509
1442380200 2.432000 201509160510
1442380260 2.404000 201509160511
1442380320 2.427000 201509160512
1442380380 2.435000 201509160513
1442380440 2.401000 201509160514
1442380500 2.396000 201509160515
1442380560 2.392000 201509160516
1442380620 2.415000 201509160517
1442380680 2.410000 201509160518
1442380740 2.404000 201509160519
1442380800 2.413000 201509160520
1442380860 2.361000 201509160521
1442380920 2.370000 201509160522
1442380980 2.390000 201509160523
1442381040 2.348000 201509160524
1442381100 2.338000 201509160525
1442381160 2.352000 201509160526
1442381220 2.323000 201509160527
1442381280 2.312000 201509160528
1442381340 2.323000 201509160529
1442381400 2.310000 201509160530
1442381460 2.282000 201509160531
1442381520 2.336000 201509160532
1442381580 2.316000 201509160533
1442381640 2.325000 201509160534
1442381700 2.306000 201509160535
1442381760 2.333000 201509160536
1442381820 2.338000 201509160537
1442381880 2.300000 201509160538
1442381940 2.318000 201509160539
1442382000 2.314000 201509160540
1442382060 2.285000 201509160541
1442382120 2.309000 201509160542
1442382180 2.301000 201509160543
1442382240 2.290000 201509160544
1442382300 2.299000 201509160545
1442382360 2.304000 201509160546
1442382420 2.258000 201509160547
1442382480 2.287000 201509160548
1442382540 2.252000 201509160549
1442382600 2.279000 201509160550
1442382660 2.271000 201509160551
1442382720 2.280000 201509160552
1442382780 2.268000 201509160553
1442382840 2.243000 201509160554
1442382900 2.229000 201509160555
1442382960 2.239000 201509160556
1442383020 2.248000 201509160557
1442383080 2.229000 201509160558
1442383140 2.180000 201509160559
1442383200 2.208000 201509160600
1442383260 2.149000 201509160601
1442383320 2.195000 201509160602
1442383380 2.182000 201509160603
1442383440 2.186000 201509160604
1442383500 2.219000 201509160605
1442383560 2.223000 201509160606
1442383620 2.217000 201509160607
1442383680 2.219000 201509160608
1442383740 2.187000 201509160609
1442383800 2.192000 201509160610
1442383860 2.159000 201509160611
1442383920 2.161000 201509160612
1442383980 2.133000 201509160613
1442384040 2.135000 201509160614
1442384100 2.168000 201509160615
1442384160 2.157000 201509160616
1442384220 2.189000 201509160617
1442384280 2.177000 201509160618
1442384340 2.172000 201509160619
1442384400 2.142000 201509160620
1442384460 2.156000 201509160621
1442384520 2.109000 201509160622
1442384580 2.141000 201509160623
1442384640 2.115000 201509160624
1442384700 2.073000 201509160625
1442384760 2.116000 201509160626
1442384820 2.086000 201509160627
1442384880 2.108000 201509160628
1442384940 2.046000 201509160629
1442385000 2.115000 201509160630
1442385060 2.119000 201509160631
1442385120 2.065000 201509160632
1442385180 2.117000 201509160633
1442385240 2.047000 201509160634
1442385300 2.082000 201509160635
1442385360 2.085000 201509160636
1442385420 2.096000 201509160637
1442385480 2.051000 201509160638
1442385540 2.088000 201509160639
1442385600 2.077000 201509160640
1442385660 2.065000 201509160641
1442385720 2.072000 201509160642
1442385780 2.054000 201509160643
1442385840 2.037000 201509160644
1442385900 2.007000 201509160645
1442385960 2.025000 201509160646
1442386020 2.027000 201509160647
1442386080 2.016000 201509160648
1442386140 2.028000 201509160649
1442386200 2.012000 201509160650
1442386260 2.011000 201509160651
1442386320 1.984000 201509160652
1442386380 1.990000 201509160653
1442386440 1.995000 201509160654
1442386500 1.960000 201509160655
1442386560 2.002000 201509160656
1442386620 1.973000 201509160657
1442386680 1.994000 201509160658
1442386740 1.993000 201509160659
1442386800 1.975000 201509160700
1442386860 1.998000 201509160701
1442386920 1.988000 201509160702
1442386980 1.981000 201509160703
1442387040 1.968000 201509160704
1442387100 2.009000 201509160705
1442387160 1.975000 201509160706
1442387220 1.956000 201509160707
1442387280 1.958000 201509160708
1442387340 1.949000 201509160709
1442387400 1.952000 201509160710
1442387460 1.911000 201509160711
1442387520 1.913000 201509160712
1442387580 1.900000 201509160713
1442387640 1.882000 201509160714
1442387700 1.864000 201509160715
1442387760 1.889000 201509160716
1442387820 1.862000 201509160717
1442387880 1.892000 201509160718
1442387940 1.879000 201509160719
1442388000 1.900000 201509160720
1442388060 1.902000 201509160721
1442388120 1.911000 201509160722
1442388180 1.908000 201509160723
1442388240 1.874000 201509160724
1442388300 1.839000 201509160725
1442388360 1.876000 201509160726
1442388420 1.869000 201509160727
1442388480 1.823000 201509160728
1442388540 1.841000 201509160729
1442388600 1.869000 201509160730
1442388660 1.868000 201509160731
1442388720 1.852000 201509160732
1442388780 1.824000 201509160733
1442388840 1.872000 201509160734
1442388900 1.887000 201509160735
1442388960 1.836000 201509160736
1442389020 1.843000 201509160737
1442389080 1.843000 201509160738
1442389140 1.805000 201509160739
1442389200 1.837000 201509160740
1442389260 1.851000 201509160741
1442389320 1.813000 201509160742
1442389380 1.792000 201509160743
1442389440 1.817000 201509160744
1442389500 1.811000 201509160745
1442389560 1.798000 201509160746
1442389620 1.828000 201509160747
1442389680 1.782000 201509160748
1442389740 1.800000 201509160749
1442389800 1.764000 201509160750
1442389860 1.749000 201509160751
1442389920 1.761000 201509160752
1442389980 1.725000 201509160753
1442390040 1.753000 201509160754
1442390100 1.729000 201509160755
1442390160 1.740000 201509160756
1442390220 1.716000 201509160757
1442390280 1.762000 201509160758
1442390340 1.754000 201509160759
1442390400 1.741000 201509160800
1442390460 1.765000 201509160801
1442390520 1.783000 201509160802
1442390580 1.776000 201509160803
1442390640 1.777000 201509160804
1442390700 1.764000 201509160805
1442390760 1.769000 201509160806
1442390820 1.781000 201509160807
1442390880 1.770000 201509160808
1442390940 1.734000 201509160809
1442391000 1.753000 201509160810
1442391060 1.741000 201509160811
1442391120 1.731000 201509160812
1442391180 1.710000 201509160813
1442391240 1.707000 201509160814
1442391300 1.692000 201509160815
1442391360 1.673000 201509160816
1442391420 1.665000 201509160817
1442391480 1.699000 201509160818
1442391540 1.664000 201509160819
1442391600 1.669000 201509160820
1442391660 1.693000 201509160821
1442391720 1.710000 201509160822
1442391780 1.699000 201509160823
1442391840 1.681000 201509160824
1442391900 1.682000 201509160825
1442391960 1.721000 201509160826
1442392020 1.723000 201509160827
1442392080 1.685000 201509160828
1442392140 1.694000 201509160829
1442392200 1.691000 201509160830
1442392260 1.698000 201509160831
1442392320 1.659000 201509160832
1442392380 1.634000 201509160833
1442392440 1.685000 201509160834
1442392500 1.669000 201509160835
1442392560 1.647000 201509160836
1442392620 1.679000 201509160837
1442392680 1.668000 201509160838
1442392740 1.682000 201509160839
1442392800 1.674000 201509160840
1442392860 1.662000 201509160841
1442392920 1.665000 201509160842
1442392980 1.662000 201509160843
1442393040 1.638000 201509160844
1442393100 1.654000 201509160845
1442393160 1.660000 201509160846
1442393220 1.628000 201509160847
1442393280 1.647000 201509160848
1442393340 1.669000 201509160849
1442393400 1.670000 201509160850
1442393460 1.637000 201509160851
1442393520 1.653000 201509160852
1442393580 1.651000 201509160853
1442393640 1.620000 201509160854
1442393700 1.638000 201509160855
1442393760 1.584000 201509160856
1442393820 1.634000 201509160857
1442393880 1.617000 201509160858
1442393940 1.618000 201509160859
1442394000 1.630000 201509160900
1442394060 1.623000 201509160901
1442394120 1.644000 201509160902
1442394180 1.646000 201509160903
1442394240 1.664000 201509160904
1442394300 1.635000 201509160905
1442394360 1.661000 201509160906
1442394420 1.642000 201509160907
1442394480 1.635000 201509160908
1442394540 1.605000 201509160909
1442394600 1.622000 201509160910
1442394660 1.626000 201509160911
1442394720 1.616000 201509160912
1442394780 1.603000 201509160913
1442394840 1.591000 201509160914
1442394900 1.592000 201509160915
1442394960 1.593000 201509160916
1442395020 1.612000 201509160917
1442395080 1.582000 201509160918
1442395140 1.586000 201509160919
1442395200 1.605000 201509160920
1442395260 1.613000 201509160921
1442395320 1.614000 201509160922
1442395380 1.627000 201509160923
1442395440 1.646000 201509160924
1442395500 1.629000 201509160925
1442395560 1.655000 201509160926
1442395620 1.635000 201509160927
1442395680 1.626000 201509160928
1442395740 1.631000 201509160929
1442395800 1.599000 201509160930
1442395860 1.621000 201509160931
1442395920 1.604000 201509160932
1442395980 1.599000 201509160933
1442396040 1.595000 201509160934
1442396100 1.596000 201509160935
1442396160 1.614000 201509160936
1442396220 1.598000 201509160937
1442396280 1.593000 201509160938
1442396340 1.617000 201509160939
1442396400 1.626000 201509160940
1442396460 1.626000 201509160941
1442396520 1.600000 201509160942
1442396580 1.628000 201509160943
1442396640 1.626000 201509160944
1442396700 1.595000 201509160945
1442396760 1.609000 201509160946
1442396820 1.571000 201509160947
1442396880 1.572000 201509160948
1442396940 1.586000 201509160949
1442397000 1.586000 201509160950
1442397060 1.613000 201509160951
1442397120 1.598000 201509160952
1442397180 1.635000 201509160953
1442397240 1.657000 201509160954
1442397300 1.633000 201509160955
1442397360 1.632000 201509160956
1442397420 1.662000 201509160957
1442397480 1.653000 201509160958
1442397540 1.628000 201509160959
1442397600 1.628000 201509161000
1442397660 1.599000 201509161001
1442397720 1.631000 201509161002
1442397780 1.624000 201509161003
1442397840 1.608000 201509161004
1442397900 1.633000 201509161005
1442397960 1.611000 201509161006
1442398020 1.667000 201509161007
1442398080 1.637000 201509161008
1442398140 1.627000 201509161009
1442398200 1.614000 201509161010
1442398260 1.601000 201509161011
1442398320 1.624000 201509161012
1442398380 1.596000 201509161013
1442398440 1.587000 201509161014
1442398500 1.626000 201509161015
1442398560 1.637000 201509161016
1442398620 1.640000 201509161017
1442398680 1.649000 201509161018
1442398740 1.661000 201509161019
1442398800 1.655000 201509161020
1442398860 1.672000 201509161021
1442398920 1.676000 201509161022
1442398980 1.641000 201509161023
1442399040 1.636000 201509161024
1442399100 1.631000 201509161025
1442399160 1.645000 201509161026
1442399220 1.622000 201509161027
1442399280 1.612000 201509161028
1442399340 1.652000 201509161029
1442399400 1.650000 201509161030
1442399460 1.656000 201509161031
1442399520 1.658000 201509161032
1442399580 1.659000 201509161033
1442399640 1.651000 201509161034
1442399700 1.679000 201509161035
1442399760 1.701000 201509161036
1442399820 1.690000 201509161037
1442399880 1.688000 201509161038
1442399940 1.685000 201509161039
1442400000 1.683000 201509161040
1442400060 1.690000 201509161041
1442400120 1.660000 201509161042
1442400180 1.661000 201509161043
1442400240 1.684000 201509161044
1442400300 1.695000 201509161045
1442400360 1.684000 201509161046
1442400420 1.715000 201509161047
1442400480 1.714000 201509161048
1442400540 1.699000 201509161049
1442400600 1.715000 201509161050
1442400660 1.718000 201509161051
1442400720 1.694000 201509161052
1442400780 1.675000 201509161053
1442400840 1.700000 201509161054
1442400900 1.681000 201509161055
1442400960 1.691000 201509161056
1442401020 1.681000 201509161057
1442401080 1.709000 201509161058
1442401140 1.705000 201509161059
1442401200 1.722000 201509161100
1442401260 1.698000 201509161101
1442401320 1.721000 201509161102
1442401380 1.718000 201509161103
1442401440 1.712000 201509161104
1442401500 1.731000 201509161105
1442401560 1.717000 201509161106
1442401620 1.735000 201509161107
1442401680 1.754000 201509161108
1442401740 1.747000 201509161109
1442401800 1.774000 201509161110
1442401860 1.787000 201509161111
1442401920 1.802000 201509161112
1442401980 1.795000 201509161113
1442402040 1.798000 201509161114
1442402100 1.787000 201509161115
1442402160 1.772000 201509161116
1442402220 1.797000 201509161117
1442402280 1.760000 201509161118
1442402340 1.775000 201509161119
1442402400 1.781000 201509161120
1442402460 1.762000 201509161121
1442402520 1.795000 201509161122
1442402580 1.793000 201509161123
1442402640 1.799000 201509161124
1442402700 1.797000 201509161125
1442402760 1.808000 201509161126
1442402820 1.798000 201509161127
1442402880 1.792000 201509161128
1442402940 1.788000 201509161129
1442403000 1.784000 201509161130
1442403060 1.818000 201509161131
1442403120 1.820000 201509161132
1442403180 1.798000 201509161133
1442403240 1.830000 201509161134
1442403300 1.848000 201509161135
1442403360 1.827000 201509161136
1442403420 1.835000 201509161137
1442403480 1.824000 201509161138
1442403540 1.821000 201509161139
1442403600 1.835000 201509161140
1442403660 1.828000 201509161141
1442403720 1.839000 201509161142
1442403780 1.835000 201509161143
1442403840 1.877000 201509161144
1442403900 1.866000 201509161145
1442403960 1.901000 201509161146
1442404020 1.900000 201509161147
1442404080 1.915000 201509161148
1442404140 1.908000 201509161149
1442404200 1.903000 201509161150
1442404260 1.918000 201509161151
1442404320 1.924000 201509161152
1442404380 1.921000 201509161153
1442404440 1.907000 201509161154
1442404500 1.916000 201509161155
1442404560 1.895000 201509161156
1442404620 1.885000 201509161157
1442404680 1.889000 201509161158
1442404740 1.922000 201509161159
1442404800 1.913000 201509161200
1442404860 1.894000 201509161201
1442404920 1.916000 201509161202
1442404980 1.940000 201509161203
1442405040 1.910000 201509161204
1442405100 1.938000 201509161205
1442405160 1.939000 201509161206
1442405220 1.931000 201509161207
1442405280 1.958000 201509161208
1442405340 1.956000 201509161209
1442405400 1.931000 201509161210
1442405460 1.952000 201509161211
1442405520 1.988000 201509161212
1442405580 1.982000 201509161213
1442405640 1.978000 201509161214
1442405700 1.988000 201509161215
1442405760 2.026000 201509161216
1442405820 2.016000 201509161217
1442405880 2.001000 201509161218
1442405940 1.978000 201509161219
1442406000 1.981000 201509161220
1442406060 1.969000 201509161221
1442406120 1.996000 201509161222
1442406180 1.993000 201509161223
1442406240 2.009000 201509161224
1442406300 2.023000 201509161225
1442406360 2.037000 201509161226
1442406420 2.064000 201509161227
1442406480 2.067000 201509161228
1442406540 2.084000 201509161229
1442406600 2.059000 201509161230
1442406660 2.072000 201509161231
1442406720 2.065000 201509161232
1442406780 2.033000 201509161233
1442406840 2.058000 201509161234
1442406900 2.055000 201509161235
1442406960 2.079000 201509161236
1442407020 2.059000 201509161237
1442407080 2.061000 201509161238
1442407140 2.069000 201509161239
1442407200 2.089000 201509161240
1442407260 2.062000 201509161241
1442407320 2.094000 201509161242
1442407380 2.104000 201509161243
1442407440 2.089000 201509161244
1442407500 2.126000 201509161245
1442407560 2.115000 201509161246
1442407620 2.132000 201509161247
1442407680 2.136000 201509161248
1442407740 2.146000 201509161249
1442407800 2.141000 201509161250
1442407860 2.160000 201509161251
1442407920 2.147000 201509161252
1442407980 2.125000 201509161253
1442408040 2.129000 201509161254
1442408100 2.137000 201509161255
1442408160 2.141000 201509161256
1442408220 2.148000 201509161257
1442408280 2.137000 201509161258
1442408340 2.160000 201509161259
1442408400 2.165000 201509161300
1442408460 2.173000 201509161301
1442408520 2.162000 201509161302
1442408580 2.176000 201509161303
1442408640 2.184000 201509161304
1442408700 2.160000 201509161305
1442408760 2.188000 201509161306
1442408820 2.198000 201509161307
1442408880 2.197000 201509161308
1442408940 2.213000 201509161309
1442409000 2.194000 201509161310
1442409060 2.211000 201509161311
1442409120 2.222000 201509161312
1442409180 2.214000 201509161313
1442409240 2.246000 201509161314
1442409300 2.199000 201509161315
1442409360 2.241000 201509161316
1442409420 2.249000 201509161317
1442409480 2.240000 201509161318
1442409540 2.240000 201509161319
1442409600 2.238000 201509161320
1442409660 2.223000 201509161321
1442409720 2.201000 201509161322
1442409780 2.234000 201509161323
1442409840 2.189000 201509161324
1442409900 2.239000 201509161325
1442409960 2.234000 201509161326
1442410020 2.235000 201509161327
1442410080 2.256000 201509161328
1442410140 2.274000 201509161329
1442410200 2.282000 201509161330
1442410260 2.282000 201509161331
1442410320 2.292000 201509161332
1442410380 2.298000 201509161333
1442410440 2.281000 201509161334
1442410500 2.296000 201509161335
1442410560 2.321000 201509161336
1442410620 2.290000 201509161337
1442410680 2.308000 201509161338
1442410740 2.343000 201509161339
1442410800 2.322000 201509161340
1442410860 2.360000 201509161341
1442410920 2.369000 201509161342
1442410980 2.359000 201509161343
1442411040 2.349000 201509161344
1442411100 2.332000 201509161345
1442411160 2.325000 201509161346
1442411220 2.313000 201509161347
1442411280 2.333000 201509161348
1442411340 2.345000 201509161349
1442411400 2.332000 201509161350
1442411460 2.332000 201509161351
1442411520 2.314000 201509161352
1442411580 2.351000 201509161353
1442411640 2.347000 201509161354
1442411700 2.339000 201509161355
1442411760 2.332000 201509161356
1442411820 2.337000 201509161357
1442411880 2.326000 201509161358
1442412240 2.391000 201509161404
1442412300 2.408000 201509161405
1442412360 2.392000 201509161406
1442412420 2.405000 201509161407
1442412480 2.427000 201509161408
1442412540 2.397000 201509161409
1442412600 2.429000 201509161410
1442412660 2.406000 201509161411
1442412720 2.426000 201509161412
1442412780 2.439000 201509161413
1442412840 2.421000 201509161414
1442412900 2.440000 201509161415
1442412960 2.431000 201509161416
1442413020 2.438000 201509161417
1442413080 2.451000 201509161418
1442413140 2.444000 201509161419
1442413200 2.450000 201509161420
1442413260 2.440000 201509161421
1442413320 2.442000 201509161422
1442413380 2.437000 201509161423
1442413440 2.435000 201509161424
1442413500 2.414000 201509161425
1442413560 2.422000 201509161426
1442413620 2.438000 201509161427
1442413680 2.422000 201509161428
1442413740 2.470000 201509161429
1442413800 2.465000 201509161430
1442413860 2.449000 201509161431
1442413920 2.441000 201509161432
1442413980 2.420000 201509161433
1442414040 2.445000 201509161434
1442414100 2.415000 201509161435
1442414160 2.399000 201509161436
1442414220 2.428000 201509161437
1442414280 2.440000 201509161438
1442414340 2.459000 201509161439
1442414400 2.463000 201509161440
1442414460 2.473000 201509161441
1442414520 2.495000 201509161442
1442414580 2.483000 201509161443
1442414640 2.486000 201509161444
1442414700 2.489000 201509161445
1442414760 2.484000 201509161446
1442414820 2.480000 201509161447
1442414880 2.469000 201509161448
1442414940 2.482000 201509161449
1442415000 2.490000 201509161450
1442415060 2.482000 201509161451
1442415120 2.506000 201509161452
1442415180 2.487000 201509161453
1442415240 2.488000 201509161454
1442415300 2.497000 201509161455
1442415360 2.507000 201509161456
1442415420 2.493000 201509161457
1442415480 2.520000 201509161458
1442415540 2.493000 201509161459
1442415600 2.500000 201509161500
1442415660 2.517000 201509161501
1442415720 2.468000 201509161502
1442415780 2.509000 201509161503
1442415840 2.491000 201509161504
1442415900 2.504000 201509161505
1442415960 2.483000 201509161506
1442416020 2.502000 201509161507
1442416080 2.510000 201509161508
1442416140 2.528000 201509161509
1442416200 2.512000 201509161510
1442416260 2.525000 201509161511
1442416320 2.481000 201509161512
1442416380 2.516000 201509161513
1442416740 2.536000 201509161519
1442416800 2.525000 201509161520
1442416860 2.509000 201509161521
1442416920 2.532000 201509161522
1442416980 2.524000 201509161523
1442417040 2.528000 201509161524
1442417100 2.534000 201509161525
1442417160 2.513000 201509161526
1442417220 2.547000 201509161527
1442417280 2.506000 201509161528
1442417340 2.512000 201509161529
1442417400 2.522000 201509161530
1442417460 2.514000 201509161531
1442417520 2.543000 201509161532
1442417580 2.531000 201509161533
1442417640 2.524000 201509161534
1442417700 2.545000 201509161535
1442417760 2.507000 201509161536
1442417820 2.515000 201509161537
1442417880 2.530000 201509161538
1442417940 2.536000 201509161539
1442418000 2.535000 201509161540
1442418060 2.546000 201509161541
1442418120 2.554000 201509161542
1442418180 2.540000 201509161543
1442418240 2.502000 201509161544
1442418300 2.516000 201509161545
1442418360 2.498000 201509161546
1442418420 2.477000 201509161547
1442418480 2.495000 201509161548
1442418540 2.509000 201509161549
1442418600 2.532000 201509161550
1442418660 2.497000 201509161551
1442418720 2.517000 201509161552
1442418780 2.526000 201509161553
1442418840 2.535000 201509161554
1442418900 2.539000 201509161555
1442418960 2.516000 201509161556
1442419020 2.542000 201509161557
1442419080 2.535000 201509161558
1442419140 2.543000 201509161559
1442419200 2.545000 201509161600
1442419260 2.541000 201509161601
1442419320 2.537000 201509161602
1442419380 2.532000 201509161603
1442419440 2.530000 201509161604
1442419500 2.500000 201509161605
1442419560 2.514000 201509161606
1442419620 2.507000 201509161607
1442419680 2.510000 201509161608
1442419740 2.515000 201509161609
1442419800 2.521000 201509161610
1442419860 2.512000 201509161611
1442419920 2.489000 201509161612
1442419980 2.517000 201509161613
1442420040 2.518000 201509161614
1442420100 2.507000 201509161615
1442420160 2.523000 201509161616
1442420220 2.496000 201509161617
1442420280 2.517000 201509161618
1442420340 2.500000 201509161619
1442420400 2.489000 201509161620
1442420460 2.482000 201509161621
1442420520 2.500000 201509161622
1442420580 2.500000 201509161623
1442420640 2.469000 201509161624
1442420700 2.488000 201509161625
1442420760 2.483000 201509161626
1442420820 2.507000 201509161627
1442420880 2.478000 201509161628
1442420940 2.464000 201509161629
1442421000 2.486000 201509161630
1442421060 2.483000 201509161631
1442421120 2.480000 201509161632
1442421180 2.457000 201509161633
1442421240 2.467000 201509161634
1442421300 2.469000 201509161635
1442421360 2.476000 201509161636
1442421420 2.455000 201509161637
1442421480 2.472000 201509161638
1442421540 2.449000 201509161639
1442421600 2.431000 201509161640
1442421660 2.465000 201509161641
1442421720 2.441000 201509161642
1442421780 2.447000 201509161643
1442422140 2.442000 201509161649
1442422200 2.411000 201509161650
1442422260 2.426000 201509161651
1442422320 2.445000 201509161652
1442422380 2.424000 201509161653
1442422440 2.418000 201509161654
1442422500 2.433000 201509161655
1442422560 2.439000 201509161656
1442422620 2.445000 201509161657
1442422680 2.435000 201509161658
1442422740 2.427000 201509161659
1442422800 2.424000 201509161700
1442422860 2.418000 201509161701
1442422920 2.416000 201509161702
1442422980 2.383000 201509161703
1442423040 2.369000 201509161704
1442423100 2.366000 201509161705
1442423160 2.386000 201509161706
1442423220 2.376000 201509161707
1442423280 2.369000 201509161708
1442423340 2.377000 201509161709
1442423400 2.387000 201509161710
1442423460 2.380000 201509161711
1442423520 2.366000 201509161712
1442423580 2.362000 201509161713
1442423640 2.353000 201509161714
1442423700 2.387000 201509161715
1442423760 2.350000 201509161716
1442423820 2.379000 201509161717
1442423880 2.363000 201509161718
1442423940 2.366000 201509161719
1442424000 2.350000 201509161720
1442424060 2.363000 201509161721
1442424120 2.371000 201509161722
1442424180 2.343000 201509161723
1442424240 2.336000 201509161724
1442424300 2.324000 201509161725
1442424360 2.354000 201509161726
1442424420 2.314000 201509161727
1442424480 2.326000 201509161728
1442424540 2.347000 201509161729
1442424600 2.346000 201509161730
1442424660 2.345000 201509161731
1442424720 2.366000 201509161732
1442424780 2.341000 201509161733
1442424840 2.348000 201509161734
1442424900 2.322000 201509161735
1442424960 2.313000 201509161736
1442425020 2.301000 201509161737
1442425080 2.299000 201509161738
1442425140 2.289000 201509161739
1442425200 2.267000 201509161740
1442425260 2.274000 201509161741
1442425320 2.269000 201509161742
1442425380 2.275000 201509161743
1442425440 2.266000 201509161744
1442425500 2.246000 201509161745
1442425560 2.254000 201509161746
1442425620 2.263000 201509161747
1442425680 2.247000 201509161748
1442425740 2.256000 201509161749
1442425800 2.287000 201509161750
1442425860 2.270000 201509161751
1442425920 2.281000 201509161752
1442425980 2.258000 201509161753
1442426040 2.265000 201509161754
1442426100 2.260000 201509161755
1442426160 2.252000 201509161756
1442426220 2.229000 201509161757
1442426280 2.246000 201509161758
1442426340 2.265000 201509161759
1442426400 2.264000 201509161800
1442426460 2.237000 201509161801
1442426520 2.242000 201509161802
1442426580 2.213000 201509161803
1442426640 2.211000 201509161804
1442426700 2.194000 201509161805
1442426760 2.180000 201509161806
1442426820 2.186000 201509161807
1442426880 2.166000 201509161808
1442426940 2.198000 201509161809
1442427000 2.185000 201509161810
1442427060 2.193000 201509161811
1442427120 2.180000 201509161812
1442427180 2.186000 201509161813
1442427240 2.191000 201509161814
1442427300 2.177000 201509161815
1442427360 2.147000 201509161816
1442427420 2.118000 201509161817
1442427480 2.146000 201509161818
1442427540 2.106000 201509161819
1442427600 2.130000 201509161820
1442427660 2.100000 201509161821
1442427720 2.129000 201509161822
1442427780 2.124000 201509161823
1442427840 2.140000 201509161824
1442427900 2.112000 201509161825
1442427960 2.121000 201509161826
1442428020 2.122000 201509161827
1442428080 2.126000 201509161828
1442428140 2.130000 201509161829
1442428200 2.131000 201509161830
1442428260 2.115000 201509161831
1442428320 2.139000 201509161832
1442428380 2.125000 201509161833
1442428440 2.121000 201509161834
1442428500 2.112000 201509161835
1442428560 2.119000 201509161836
1442428620 2.095000 201509161837
1442428680 2.060000 201509161838
1442428740 2.059000 201509161839
1442428800 2.074000 201509161840
1442428860 2.040000 201509161841
1442428920 2.038000 201509161842
1442428980 2.068000 201509161843
1442429040 2.050000 201509161844
1442429100 2.039000 201509161845
1442429160 2.041000 201509161846
1442429220 2.021000 201509161847
1442429280 2.034000 201509161848
1442429340 2.031000 201509161849
1442429400 2.024000 201509161850
1442429460 2.013000 201509161851
1442429520 2.028000 201509161852
1442429580 2.021000 201509161853
1442429640 2.011000 201509161854
1442429700 1.994000 201509161855
1442429760 1.993000 201509161856
1442429820 2.005000 201509161857
1442429880 1.992000 201509161858
1442429940 1.966000 201509161859
1442430000 1.997000 201509161900
1442430060 1.966000 201509161901
1442430120 1.958000 201509161902
1442430180 1.986000 201509161903
1442430240 1.964000 201509161904
1442430300 1.964000 201509161905
1442430360 1.973000 201509161906
1442430420 1.954000 201509161907
1442430480 1.956000 201509161908
1442430540 1.958000 201509161909
1442430600 1.923000 201509161910
1442430660 1.945000 201509161911
1442430720 1.944000 201509161912
1442430780 1.939000 201509161913
1442430840 1.945000 201509161914
1442430900 1.901000 201509161915
1442430960 1.914000 201509161916
1442431020 1.926000 201509161917
1442431080 1.913000 201509161918
1442431140 1.910000 201509161919
1442431200 1.916000 201509161920
1442431260 1.921000 201509161921
1442431320 1.910000 201509161922
1442431380 1.907000 201509161923
1442431440 1.892000 201509161924
1442431500 1.890000 201509161925
1442431560 1.877000 201509161926
1442431620 1.908000 201509161927
1442431680 1.909000 201509161928
1442431740 1.894000 201509161929
1442431800 1.889000 201509161930
1442431860 1.884000 201509161931
1442431920 1.895000 201509161932
1442431980 1.891000 201509161933
1442432040 1.844000 201509161934
1442432100 1.815000 201509161935
1442432160 1.834000 201509161936
1442432220 1.797000 201509161937
1442432280 1.803000 201509161938
1442432340 1.779000 201509161939
1442432400 1.774000 201509161940
1442432460 1.790000 201509161941
1442432520 1.797000 201509161942
1442432580 1.810000 201509161943
1442432640 1.807000 201509161944
1442432700 1.802000 201509161945
1442432760 1.811000 201509161946
1442432820 1.824000 201509161947
1442432880 1.824000 201509161948
1442432940 1.813000 201509161949
1442433000 1.837000 201509161950
1442433060 1.818000 201509161951
1442433120 1.807000 201509161952
1442433180 1.807000 201509161953
1442433240 1.798000 201509161954
1442433300 1.788000 201509161955
1442433360 1.775000 201509161956
1442433420 1.778000 201509161957
1442433480 1.774000 201509161958
1442433540 1.774000 201509161959
1442433600 1.769000 201509162000
1442433660 1.761000 201509162001
1442433720 1.764000 201509162002
1442433780 1.755000 201509162003
1442433840 1.751000 201509162004
1442433900 1.750000 201509162005
1442433960 1.729000 201509162006
1442434020 1.742000 201509162007
1442434080 1.728000 201509162008
1442434140 1.722000 201509162009
1442434200 1.733000 201509162010
1442434260 1.706000 201509162011
1442434320 1.700000 201509162012
1442434380 1.695000 201509162013
1442434440 1.685000 201509162014
1442434500 1.693000 201509162015
1442434560 1.674000 201509162016
1442434620 1.687000 201509162017
1442434680 1.700000 201509162018
1442434740 1.673000 201509162019
1442434800 1.716000 201509162020
1442434860 1.716000 201509162021
1442434920 1.725000 201509162022
1442434980 1.750000 201509162023
1442435040 1.723000 201509162024
1442435100 1.753000 201509162025
1442435160 1.742000 201509162026
1442435220 1.743000 201509162027
1442435280 1.734000 201509162028
1442435340 1.687000 201509162029
1442435400 1.720000 201509162030
1442435460 1.682000 201509162031
1442435520 1.690000 201509162032
1442435580 1.656000 201509162033
1442435640 1.649000 201509162034
1442435700 1.641000 201509162035
1442435760 1.628000 201509162036
1442435820 1.635000 201509162037
1442435880 1.638000 201509162038
1442435940 1.610000 201509162039
1442436000 1.602000 201509162040
1442436060 1.616000 201509162041
1442436120 1.623000 201509162042
1442436180 1.623000 201509162043
1442436240 1.618000 201509162044
1442436300 1.612000 201509162045
1442436360 1.606000 201509162046
1442436420 1.653000 201509162047
1442436480 1.629000 201509162048
1442436540 1.634000 201509162049
1442436600 1.630000 201509162050
1442436660 1.655000 201509162051
1442436720 1.657000 201509162052
1442436780 1.627000 201509162053
1442436840 1.610000 201509162054
1442436900 1.621000 201509162055
1442436960 1.615000 201509162056
1442437020 1.616000 201509162057
1442437080 1.620000 201509162058
1442437140 1.637000 201509162059
1442437200 1.625000 201509162100
1442437260 1.620000 201509162101
1442437320 1.606000 201509162102
1442437380 1.609000 201509162103
1442437440 1.612000 201509162104
1442437500 1.577000 201509162105
1442437560 1.571000 201509162106
1442437620 1.584000 201509162107
1442437680 1.568000 201509162108
1442437740 1.558000 201509162109
1442437800 1.537000 201509162110
1442437860 1.554000 201509162111
1442437920 1.577000 201509162112
1442437980 1.586000 201509162113
1442438040 1.583000 201509162114
1442438100 1.583000 201509162115
1442438160 1.581000 201509162116
1442438220 1.587000 201509162117
1442438280 1.585000 201509162118
1442438340 1.583000 201509162119
1442438400 1.600000 201509162120
1442438460 1.586000 201509162121
1442438520 1.595000 201509162122
1442438580 1.597000 201509162123
1442438640 1.599000 201509162124
1442438700 1.597000 201509162125
1442438760 1.594000 201509162126
1442438820 1.606000 201509162127
1442438880 1.590000 201509162128
1442438940 1.602000 201509162129
1442439000 1.565000 201509162130
1442439060 1.582000 201509162131
1442439120 1.570000 201509162132
1442439180 1.541000 201509162133
1442439240 1.550000 201509162134
1442439300 1.535000 201509162135
1442439360 1.571000 201509162136
1442439420 1.571000 201509162137
1442439480 1.558000 201509162138
1442439540 1.561000 201509162139
1442439600 1.569000 201509162140
1442439660 1.574000 201509162141
1442439720 1.577000 201509162142
1442439780 1.560000 201509162143
1442439840 1.555000 201509162144
1442439900 1.540000 201509162145
1442439960 1.547000 201509162146
1442440020 1.552000 201509162147
1442440080 1.545000 201509162148
1442440140 1.556000 201509162149
1442440200 1.552000 201509162150
1442440260 1.574000 201509162151
1442440320 1.585000 201509162152
1442440380 1.578000 201509162153
1442440440 1.589000 201509162154
1442440500 1.584000 201509162155
1442440560 1.579000 201509162156
1442440620 1.568000 201509162157
1442440680 1.573000 201509162158
1442440740 1.548000 201509162159
1442440800 1.543000 201509162200
1442440860 1.557000 201509162201
1442440920 1.557000 201509162202
1442440980 1.560000 201509162203
1442441040 1.544000 201509162204
1442441100 1.571000 201509162205
1442441160 1.549000 201509162206
1442441220 1.568000 201509162207
1442441280 1.536000 201509162208
1442441340 1.550000 201509162209
1442441400 1.558000 201509162210
1442441460 1.572000 201509162211
1442441520 1.572000 201509162212
1442441580 1.556000 201509162213
1442441640 1.575000 201509162214
1442441700 1.580000 201509162215
1442441760 1.590000 201509162216
1442441820 1.606000 201509162217
1442441880 1.605000 201509162218
1442441940 1.605000 201509162219
1442442000 1.618000 201509162220
1442442060 1.611000 201509162221
1442442120 1.618000 201509162222
1442442180 1.602000 201509162223
1442442240 1.586000 201509162224
1442442300 1.600000 201509162225
1442442360 1.570000 201509162226
1442442420 1.596000 201509162227
1442442480 1.595000 201509162228
1442442540 1.585000 201509162229
1442442600 1.588000 201509162230
1442442660 1.586000 201509162231
1442442720 1.601000 201509162232
1442442780 1.594000 201509162233
1442442840 1.576000 201509162234
1442442900 1.587000 201509162235
1442442960 1.591000 201509162236
1442443020 1.591000 201509162237
1442443080 1.620000 201509162238
1442443140 1.610000 201509162239
1442443200 1.599000 201509162240
1442443260 1.622000 201509162241
1442443320 1.635000 201509162242
1442443380 1.617000 201509162243
1442443440 1.604000 201509162244
1442443500 1.637000 201509162245
1442443560 1.634000 201509162246
1442443620 1.636000 201509162247
1442443680 1.608000 201509162248
1442443740 1.626000 201509162249
1442443800 1.635000 201509162250
1442443860 1.656000 201509162251
1442443920 1.658000 201509162252
1442443980 1.657000 201509162253
1442444040 1.645000 201509162254
1442444100 1.664000 201509162255
1442444160 1.651000 201509162256
1442444220 1.644000 201509162257
1442444280 1.648000 201509162258
1442444340 1.643000 201509162259
1442444400 1.652000 201509162300
1442444460 1.649000 201509162301
1442444520 1.671000 201509162302
1442444580 1.691000 201509162303
1442444640 1.662000 201509162304
1442444700 1.681000 201509162305
1442444760 1.701000 201509162306
1442444820 1.695000 201509162307
1442444880 1.700000 201509162308
1442444940 1.703000 201509162309
1442445000 1.738000 201509162310
1442445060 1.709000 201509162311
1442445120 1.709000 201509162312
1442445180 1.683000 201509162313
1442445240 1.649000 201509162314
1442445300 1.581000 201509162315
1442445360 1.565000 201509162316
1442445420 1.728000 201509162317
1442445480 1.944000 201509162318
1442445540 2.288000 201509162319
1442445600 2.492000 201509162320
1442445660 2.578000 201509162321
1442445720 2.600000 201509162322
1442445780 2.719000 201509162323
1442445840 2.855000 201509162324
1442445900 2.793000 201509162325
1442445960 2.786000 201509162326
1442446020 2.732000 201509162327
1442446080 2.854000 201509162328
1442446140 2.629000 201509162329
1442446200 2.477000 201509162330
1442446260 2.593000 201509162331
1442446320 2.278000 201509162332
1442446380 1.910000 201509162333
1442446440 1.209000 201509162334
1442446500 0.684000 201509162335
1442446560 0.113000 201509162336
1442446620 0.097000 201509162337
1442446680 0.098000 201509162338
1442446740 0.098000 201509162339
1442446800 0.098000 201509162340
1442446860 0.097000 201509162341
1442446920 0.097000 201509162342
1442446980 0.097000 201509162343
1442447040 0.121000 201509162344
1442447100 0.381000 201509162345
1442447160 0.704000 201509162346
1442447220 1.193000 201509162347
1442447280 2.833000 201509162348
1442447340 4.863000 201509162349
1442447400 6.300000 201509162350
1442447460 5.714000 201509162351
1442447520 4.969000 201509162352
1442447580 4.739000 201509162353
1442447640 4.123000 201509162354
1442447700 3.249000 201509162355
1442447760 2.615000 201509162356
1442447820 1.582000 201509162357
1442447880 0.477000 201509162358
1442447940 0.137000 201509162359
