Pago_Pago,_Amer._Samoa 1770000 NOS Trigger -14.274 -170.676 20090929
Pressure m UTC 1 min MLLW NTWC Unfiltered
1_minute_NOS_data_via_pressure_sensor_via_GOES
Data Format: SampleTime(epochal 1/1/1970)  WaterLevel  SampleTime(yyymmddhhmmss)
1254182401 1.962000 20090929000001
1254182461 1.966000 20090929000101
1254182521 1.979000 20090929000201
1254182579 1.983000 20090929000259
1254182639 1.984000 20090929000359
1254182699 1.980000 20090929000459
1254182759 1.977000 20090929000559
1254182819 1.983000 20090929000659
1254182879 1.982000 20090929000759
1254182941 1.984000 20090929000901
1254183001 1.991000 20090929001001
1254183061 1.994000 20090929001101
1254183121 1.994000 20090929001201
1254183181 1.993000 20090929001301
1254183241 1.998000 20090929001401
1254183299 2.005000 20090929001459
1254183359 2.000000 20090929001559
1254183419 2.017000 20090929001659
1254183479 2.007000 20090929001759
1254183539 2.013000 20090929001859
1254183599 2.012000 20090929001959
1254183660 2.013000 20090929002100
1254183720 2.024000 20090929002200
1254183780 2.014000 20090929002300
1254183840 2.038000 20090929002400
1254183900 2.031000 20090929002500
1254183960 2.036000 20090929002600
1254184019 2.037000 20090929002659
1254184079 2.040000 20090929002759
1254184139 2.030000 20090929002859
1254184199 2.028000 20090929002959
1254184259 2.031000 20090929003059
1254184319 2.040000 20090929003159
1254184380 2.029000 20090929003300
1254184440 2.036000 20090929003400
1254184500 2.039000 20090929003500
1254184560 2.051000 20090929003600
1254184620 2.062000 20090929003700
1254184680 2.053000 20090929003800
1254184739 2.067000 20090929003859
1254184799 2.066000 20090929003959
1254184859 2.078000 20090929004059
1254184919 2.070000 20090929004159
1254184979 2.073000 20090929004259
1254185039 2.086000 20090929004359
1254185100 2.089000 20090929004500
1254185160 2.081000 20090929004600
1254185220 2.086000 20090929004700
1254185280 2.071000 20090929004800
1254185340 2.066000 20090929004900
1254185400 2.058000 20090929005000
1254185459 2.063000 20090929005059
1254185519 2.071000 20090929005159
1254185579 2.083000 20090929005259
1254185639 2.083000 20090929005359
1254185699 2.098000 20090929005459
1254185759 2.092000 20090929005559
1254185820 2.112000 20090929005700
1254185880 2.109000 20090929005800
1254185940 2.115000 20090929005900
1254186000 2.110000 20090929010000
1254186060 2.118000 20090929010100
1254186120 2.112000 20090929010200
1254186179 2.121000 20090929010259
1254186239 2.117000 20090929010359
1254186299 2.100000 20090929010459
1254186359 2.108000 20090929010559
1254186419 2.120000 20090929010659
1254186479 2.102000 20090929010759
1254186540 2.111000 20090929010900
1254186600 2.117000 20090929011000
1254186660 2.132000 20090929011100
1254186720 2.118000 20090929011200
1254186780 2.132000 20090929011300
1254186840 2.132000 20090929011400
1254186898 2.125000 20090929011458
1254186958 2.134000 20090929011558
1254187018 2.144000 20090929011658
1254187078 2.141000 20090929011758
1254187138 2.149000 20090929011858
1254187198 2.156000 20090929011958
1254187260 2.159000 20090929012100
1254187320 2.148000 20090929012200
1254187380 2.140000 20090929012300
1254187440 2.151000 20090929012400
1254187500 2.142000 20090929012500
1254187560 2.146000 20090929012600
1254187621 2.147000 20090929012701
1254187681 2.151000 20090929012801
1254187741 2.153000 20090929012901
1254187801 2.150000 20090929013001
1254187861 2.170000 20090929013101
1254187921 2.164000 20090929013201
1254187979 2.172000 20090929013259
1254188039 2.179000 20090929013359
1254188099 2.174000 20090929013459
1254188159 2.170000 20090929013559
1254188219 2.162000 20090929013659
1254188279 2.171000 20090929013759
1254188341 2.174000 20090929013901
1254188401 2.176000 20090929014001
1254188461 2.176000 20090929014101
1254188521 2.179000 20090929014201
1254188581 2.178000 20090929014301
1254188641 2.167000 20090929014401
1254188699 2.159000 20090929014459
1254188759 2.171000 20090929014559
1254188819 2.177000 20090929014659
1254188879 2.186000 20090929014759
1254188939 2.199000 20090929014859
1254188999 2.196000 20090929014959
1254189060 2.192000 20090929015100
1254189120 2.183000 20090929015200
1254189180 2.204000 20090929015300
1254189240 2.202000 20090929015400
1254189300 2.208000 20090929015500
1254189360 2.209000 20090929015600
1254189419 2.212000 20090929015659
1254189479 2.197000 20090929015759
1254189539 2.190000 20090929015859
1254189599 2.178000 20090929015959
1254189659 2.183000 20090929020059
1254189719 2.196000 20090929020159
1254189780 2.191000 20090929020300
1254189840 2.191000 20090929020400
1254189900 2.198000 20090929020500
1254189960 2.207000 20090929020600
1254190020 2.202000 20090929020700
1254190080 2.198000 20090929020800
1254190139 2.206000 20090929020859
1254190199 2.219000 20090929020959
1254190259 2.220000 20090929021059
1254190319 2.212000 20090929021159
1254190379 2.209000 20090929021259
1254190439 2.223000 20090929021359
1254190500 2.225000 20090929021500
1254190560 2.201000 20090929021600
1254190620 2.212000 20090929021700
1254190680 2.217000 20090929021800
1254190740 2.213000 20090929021900
1254190800 2.194000 20090929022000
1254190859 2.201000 20090929022059
1254190919 2.201000 20090929022159
1254190979 2.206000 20090929022259
1254191039 2.214000 20090929022359
1254191099 2.213000 20090929022459
1254191159 2.206000 20090929022559
1254191220 2.225000 20090929022700
1254191280 2.228000 20090929022800
1254191340 2.208000 20090929022900
1254191400 2.216000 20090929023000
1254191460 2.230000 20090929023100
1254191520 2.226000 20090929023200
1254191579 2.209000 20090929023259
1254191639 2.219000 20090929023359
1254191699 2.233000 20090929023459
1254191759 2.226000 20090929023559
1254191819 2.223000 20090929023659
1254191879 2.211000 20090929023759
1254191940 2.200000 20090929023900
1254192000 2.196000 20090929024000
1254192060 2.204000 20090929024100
1254192120 2.207000 20090929024200
1254192180 2.204000 20090929024300
1254192240 2.227000 20090929024400
1254192298 2.238000 20090929024458
1254192358 2.230000 20090929024558
1254192418 2.211000 20090929024658
1254192478 2.223000 20090929024758
1254192538 2.229000 20090929024858
1254192598 2.213000 20090929024958
1254192660 2.224000 20090929025100
1254192720 2.223000 20090929025200
1254192780 2.225000 20090929025300
1254192840 2.219000 20090929025400
1254192900 2.219000 20090929025500
1254192960 2.224000 20090929025600
1254193021 2.220000 20090929025701
1254193081 2.219000 20090929025801
1254193141 2.214000 20090929025901
1254193201 2.224000 20090929030001
1254193261 2.219000 20090929030101
1254193321 2.223000 20090929030201
1254193379 2.203000 20090929030259
1254193439 2.224000 20090929030359
1254193499 2.229000 20090929030459
1254193559 2.210000 20090929030559
1254193619 2.206000 20090929030659
1254193679 2.217000 20090929030759
1254193741 2.217000 20090929030901
1254193801 2.200000 20090929031001
1254193861 2.208000 20090929031101
1254193921 2.215000 20090929031201
1254193981 2.220000 20090929031301
1254194041 2.207000 20090929031401
1254194099 2.203000 20090929031459
1254194159 2.217000 20090929031559
1254194219 2.210000 20090929031659
1254194279 2.214000 20090929031759
1254194339 2.234000 20090929031859
1254194399 2.222000 20090929031959
1254194460 2.217000 20090929032100
1254194520 2.194000 20090929032200
1254194580 2.198000 20090929032300
1254194640 2.198000 20090929032400
1254194700 2.193000 20090929032500
1254194760 2.189000 20090929032600
1254194819 2.207000 20090929032659
1254194879 2.206000 20090929032759
1254194939 2.186000 20090929032859
1254194999 2.182000 20090929032959
1254195059 2.185000 20090929033059
1254195119 2.200000 20090929033159
1254195180 2.197000 20090929033300
1254195240 2.199000 20090929033400
1254195300 2.202000 20090929033500
1254195360 2.224000 20090929033600
1254195420 2.200000 20090929033700
1254195480 2.194000 20090929033800
1254195539 2.200000 20090929033859
1254195599 2.195000 20090929033959
1254195659 2.186000 20090929034059
1254195719 2.186000 20090929034159
1254195779 2.188000 20090929034259
1254195839 2.186000 20090929034359
1254195900 2.178000 20090929034500
1254195960 2.182000 20090929034600
1254196020 2.171000 20090929034700
1254196080 2.180000 20090929034800
1254196140 2.170000 20090929034900
1254196200 2.169000 20090929035000
1254196259 2.176000 20090929035059
1254196319 2.184000 20090929035159
1254196379 2.173000 20090929035259
1254196439 2.188000 20090929035359
1254196499 2.184000 20090929035459
1254196559 2.188000 20090929035559
1254196620 2.186000 20090929035700
1254196680 2.167000 20090929035800
1254196740 2.176000 20090929035900
1254196800 2.176000 20090929040000
1254196860 2.164000 20090929040100
1254196920 2.170000 20090929040200
1254196979 2.160000 20090929040259
1254197039 2.164000 20090929040359
1254197099 2.156000 20090929040459
1254197159 2.151000 20090929040559
1254197219 2.150000 20090929040659
1254197279 2.150000 20090929040759
1254197340 2.154000 20090929040900
1254197400 2.138000 20090929041000
1254197460 2.146000 20090929041100
1254197520 2.155000 20090929041200
1254197580 2.153000 20090929041300
1254197640 2.140000 20090929041400
1254197698 2.148000 20090929041458
1254197758 2.159000 20090929041558
1254197818 2.142000 20090929041658
1254197878 2.122000 20090929041758
1254197938 2.141000 20090929041858
1254197998 2.147000 20090929041958
1254198060 2.122000 20090929042100
1254198120 2.130000 20090929042200
1254198180 2.133000 20090929042300
1254198240 2.132000 20090929042400
1254198300 2.120000 20090929042500
1254198360 2.115000 20090929042600
1254198421 2.113000 20090929042701
1254198481 2.111000 20090929042801
1254198541 2.108000 20090929042901
1254198601 2.108000 20090929043001
1254198661 2.109000 20090929043101
1254198721 2.113000 20090929043201
1254198779 2.106000 20090929043259
1254198839 2.102000 20090929043359
1254198899 2.112000 20090929043459
1254198959 2.109000 20090929043559
1254199019 2.099000 20090929043659
1254199079 2.097000 20090929043759
1254199141 2.108000 20090929043901
1254199201 2.106000 20090929044001
1254199261 2.092000 20090929044101
1254199321 2.085000 20090929044201
1254199381 2.092000 20090929044301
1254199441 2.081000 20090929044401
1254199499 2.073000 20090929044459
1254199559 2.089000 20090929044559
1254199619 2.074000 20090929044659
1254199679 2.072000 20090929044759
1254199739 2.074000 20090929044859
1254199799 2.079000 20090929044959
1254199860 2.073000 20090929045100
1254199920 2.066000 20090929045200
1254199980 2.054000 20090929045300
1254200040 2.072000 20090929045400
1254200100 2.074000 20090929045500
1254200160 2.069000 20090929045600
1254200219 2.054000 20090929045659
1254200279 2.060000 20090929045759
1254200339 2.070000 20090929045859
1254200399 2.040000 20090929045959
1254200459 2.027000 20090929050059
1254200519 2.032000 20090929050159
1254200580 2.037000 20090929050300
1254200640 2.029000 20090929050400
1254200700 2.044000 20090929050500
1254200760 2.034000 20090929050600
1254200820 2.033000 20090929050700
1254200880 2.028000 20090929050800
1254200939 2.032000 20090929050859
1254200999 2.016000 20090929050959
1254201059 2.011000 20090929051059
1254201119 2.020000 20090929051159
1254201179 2.031000 20090929051259
1254201239 2.006000 20090929051359
1254201300 2.014000 20090929051500
1254201360 2.016000 20090929051600
1254201420 2.015000 20090929051700
1254201480 2.005000 20090929051800
1254201540 1.991000 20090929051900
1254201600 2.002000 20090929052000
1254201659 1.995000 20090929052059
1254201719 1.991000 20090929052159
1254201779 1.980000 20090929052259
1254201839 1.980000 20090929052359
1254201899 1.992000 20090929052459
1254201959 1.975000 20090929052559
1254202020 1.971000 20090929052700
1254202080 1.981000 20090929052800
1254202140 1.978000 20090929052900
1254202200 1.977000 20090929053000
1254202260 1.965000 20090929053100
1254202320 1.972000 20090929053200
1254202379 1.975000 20090929053259
1254202439 1.973000 20090929053359
1254202499 1.955000 20090929053459
1254202559 1.971000 20090929053559
1254202619 1.966000 20090929053659
1254202679 1.963000 20090929053759
1254202740 1.932000 20090929053900
1254202800 1.941000 20090929054000
1254202860 1.926000 20090929054100
1254202920 1.929000 20090929054200
1254202980 1.928000 20090929054300
1254203040 1.936000 20090929054400
1254203098 1.927000 20090929054458
1254203158 1.930000 20090929054558
1254203218 1.927000 20090929054658
1254203278 1.925000 20090929054758
1254203338 1.917000 20090929054858
1254203398 1.925000 20090929054958
1254203460 1.934000 20090929055100
1254203520 1.926000 20090929055200
1254203580 1.916000 20090929055300
1254203640 1.913000 20090929055400
1254203700 1.903000 20090929055500
1254203760 1.888000 20090929055600
1254203821 1.893000 20090929055701
1254203881 1.894000 20090929055801
1254203941 1.885000 20090929055901
1254204001 1.894000 20090929060001
1254204061 1.890000 20090929060101
1254204121 1.870000 20090929060201
1254204179 1.864000 20090929060259
1254204239 1.857000 20090929060359
1254204299 1.877000 20090929060459
1254204359 1.881000 20090929060559
1254204419 1.871000 20090929060659
1254204479 1.877000 20090929060759
1254204541 1.877000 20090929060901
1254204601 1.866000 20090929061001
1254204661 1.863000 20090929061101
1254204721 1.854000 20090929061201
1254204781 1.865000 20090929061301
1254204841 1.854000 20090929061401
1254204899 1.850000 20090929061459
1254204959 1.849000 20090929061559
1254205019 1.845000 20090929061659
1254205079 1.844000 20090929061759
1254205139 1.849000 20090929061859
1254205199 1.850000 20090929061959
1254205260 1.826000 20090929062100
1254205320 1.827000 20090929062200
1254205380 1.826000 20090929062300
1254205440 1.813000 20090929062400
1254205500 1.805000 20090929062500
1254205560 1.817000 20090929062600
1254205619 1.833000 20090929062659
1254205679 1.822000 20090929062759
1254205739 1.819000 20090929062859
1254205799 1.833000 20090929062959
1254205859 1.813000 20090929063059
1254205919 1.812000 20090929063159
1254205980 1.815000 20090929063300
1254206040 1.808000 20090929063400
1254206100 1.820000 20090929063500
1254206160 1.794000 20090929063600
1254206220 1.811000 20090929063700
1254206280 1.796000 20090929063800
1254206339 1.792000 20090929063859
1254206399 1.780000 20090929063959
1254206459 1.793000 20090929064059
1254206519 1.776000 20090929064159
1254206579 1.784000 20090929064259
1254206639 1.785000 20090929064359
1254206700 1.775000 20090929064500
1254206760 1.771000 20090929064600
1254206820 1.780000 20090929064700
1254206880 1.787000 20090929064800
1254206940 1.775000 20090929064900
1254207000 1.773000 20090929065000
1254207059 1.781000 20090929065059
1254207119 1.770000 20090929065159
1254207179 1.762000 20090929065259
1254207239 1.786000 20090929065359
1254207299 1.782000 20090929065459
1254207359 1.773000 20090929065559
1254207420 1.771000 20090929065700
1254207480 1.771000 20090929065800
1254207540 1.749000 20090929065900
1254207600 1.723000 20090929070000
1254207660 1.723000 20090929070100
1254207720 1.734000 20090929070200
1254207779 1.737000 20090929070259
1254207839 1.737000 20090929070359
1254207899 1.739000 20090929070459
1254207959 1.759000 20090929070559
1254208019 1.749000 20090929070659
1254208079 1.742000 20090929070759
1254208140 1.737000 20090929070900
1254208200 1.746000 20090929071000
1254208260 1.745000 20090929071100
1254208320 1.747000 20090929071200
1254208380 1.732000 20090929071300
1254208440 1.724000 20090929071400
1254208498 1.727000 20090929071458
1254208558 1.710000 20090929071558
1254208618 1.716000 20090929071658
1254208678 1.703000 20090929071758
1254208738 1.711000 20090929071858
1254208798 1.705000 20090929071958
1254208860 1.706000 20090929072100
1254208920 1.706000 20090929072200
1254208980 1.718000 20090929072300
1254209040 1.714000 20090929072400
1254209100 1.720000 20090929072500
1254209160 1.729000 20090929072600
1254209221 1.703000 20090929072701
1254209281 1.705000 20090929072801
1254209341 1.709000 20090929072901
1254209401 1.698000 20090929073001
1254209461 1.705000 20090929073101
1254209521 1.707000 20090929073201
1254209579 1.705000 20090929073259
1254209639 1.699000 20090929073359
1254209699 1.685000 20090929073459
1254209759 1.669000 20090929073559
1254209819 1.665000 20090929073659
1254209879 1.672000 20090929073759
1254209941 1.679000 20090929073901
1254210001 1.681000 20090929074001
1254210061 1.702000 20090929074101
1254210121 1.680000 20090929074201
1254210181 1.695000 20090929074301
1254210241 1.692000 20090929074401
1254210299 1.683000 20090929074459
1254210359 1.667000 20090929074559
1254210419 1.684000 20090929074659
1254210479 1.673000 20090929074759
1254210539 1.690000 20090929074859
1254210599 1.692000 20090929074959
1254210660 1.687000 20090929075100
1254210720 1.676000 20090929075200
1254210780 1.676000 20090929075300
1254210840 1.665000 20090929075400
1254210900 1.642000 20090929075500
1254210960 1.650000 20090929075600
1254211019 1.643000 20090929075659
1254211079 1.668000 20090929075759
1254211139 1.677000 20090929075859
1254211199 1.682000 20090929075959
1254211259 1.678000 20090929080059
1254211319 1.675000 20090929080159
1254211380 1.677000 20090929080300
1254211440 1.660000 20090929080400
1254211500 1.654000 20090929080500
1254211560 1.648000 20090929080600
1254211620 1.670000 20090929080700
1254211680 1.669000 20090929080800
1254211739 1.683000 20090929080859
1254211799 1.655000 20090929080959
1254211859 1.664000 20090929081059
1254211919 1.650000 20090929081159
1254211979 1.652000 20090929081259
1254212039 1.645000 20090929081359
1254212100 1.626000 20090929081500
1254212160 1.635000 20090929081600
1254212220 1.665000 20090929081700
1254212280 1.664000 20090929081800
1254212340 1.671000 20090929081900
1254212400 1.663000 20090929082000
1254212459 1.689000 20090929082059
1254212519 1.678000 20090929082159
1254212579 1.648000 20090929082259
1254212639 1.642000 20090929082359
1254212699 1.654000 20090929082459
1254212759 1.650000 20090929082559
1254212820 1.653000 20090929082700
1254212880 1.652000 20090929082800
1254212940 1.655000 20090929082900
1254213000 1.649000 20090929083000
1254213060 1.650000 20090929083100
1254213120 1.641000 20090929083200
1254213179 1.645000 20090929083259
1254213239 1.644000 20090929083359
1254213299 1.638000 20090929083459
1254213359 1.661000 20090929083559
1254213419 1.654000 20090929083659
1254213479 1.652000 20090929083759
1254213540 1.650000 20090929083900
1254213600 1.670000 20090929084000
1254213660 1.665000 20090929084100
1254213720 1.661000 20090929084200
1254213780 1.658000 20090929084300
1254213840 1.656000 20090929084400
1254213898 1.654000 20090929084458
1254213958 1.645000 20090929084558
1254214018 1.650000 20090929084658
1254214078 1.659000 20090929084758
1254214138 1.642000 20090929084858
1254214198 1.647000 20090929084958
1254214260 1.643000 20090929085100
1254214320 1.644000 20090929085200
1254214380 1.631000 20090929085300
1254214440 1.667000 20090929085400
1254214500 1.672000 20090929085500
1254214560 1.666000 20090929085600
1254214621 1.650000 20090929085701
1254214681 1.666000 20090929085801
1254214741 1.657000 20090929085901
1254214801 1.648000 20090929090001
1254214861 1.655000 20090929090101
1254214921 1.672000 20090929090201
1254214979 1.666000 20090929090259
1254215039 1.661000 20090929090359
1254215099 1.655000 20090929090459
1254215159 1.633000 20090929090559
1254215219 1.659000 20090929090659
1254215279 1.638000 20090929090759
1254215341 1.652000 20090929090901
1254215401 1.658000 20090929091001
1254215461 1.675000 20090929091101
1254215521 1.672000 20090929091201
1254215581 1.663000 20090929091301
1254215641 1.682000 20090929091401
1254215699 1.686000 20090929091459
1254215759 1.684000 20090929091559
1254215819 1.685000 20090929091659
1254215879 1.668000 20090929091759
1254215939 1.677000 20090929091859
1254215999 1.672000 20090929091959
1254216060 1.674000 20090929092100
1254216120 1.656000 20090929092200
1254216180 1.669000 20090929092300
1254216240 1.681000 20090929092400
1254216300 1.675000 20090929092500
1254216360 1.661000 20090929092600
1254216419 1.672000 20090929092659
1254216479 1.684000 20090929092759
1254216539 1.678000 20090929092859
1254216599 1.676000 20090929092959
1254216659 1.683000 20090929093059
1254216719 1.698000 20090929093159
1254216780 1.710000 20090929093300
1254216840 1.697000 20090929093400
1254216900 1.687000 20090929093500
1254216960 1.710000 20090929093600
1254217020 1.717000 20090929093700
1254217080 1.699000 20090929093800
1254217139 1.680000 20090929093859
1254217199 1.682000 20090929093959
1254217259 1.707000 20090929094059
1254217319 1.669000 20090929094159
1254217379 1.665000 20090929094259
1254217439 1.689000 20090929094359
1254217500 1.711000 20090929094500
1254217560 1.717000 20090929094600
1254217620 1.710000 20090929094700
1254217680 1.718000 20090929094800
1254217740 1.723000 20090929094900
1254217800 1.724000 20090929095000
1254217859 1.722000 20090929095059
1254217919 1.711000 20090929095159
1254217979 1.725000 20090929095259
1254218039 1.733000 20090929095359
1254218099 1.715000 20090929095459
1254218159 1.700000 20090929095559
1254218220 1.724000 20090929095700
1254218280 1.725000 20090929095800
1254218340 1.704000 20090929095900
1254218400 1.701000 20090929100000
1254218460 1.725000 20090929100100
1254218520 1.740000 20090929100200
1254218579 1.699000 20090929100259
1254218639 1.722000 20090929100359
1254218699 1.734000 20090929100459
1254218759 1.763000 20090929100559
1254218819 1.754000 20090929100659
1254218879 1.750000 20090929100759
1254218940 1.748000 20090929100900
1254219000 1.749000 20090929101000
1254219060 1.765000 20090929101100
1254219120 1.745000 20090929101200
1254219180 1.744000 20090929101300
1254219240 1.738000 20090929101400
1254219298 1.762000 20090929101458
1254219358 1.758000 20090929101558
1254219418 1.752000 20090929101658
1254219478 1.745000 20090929101758
1254219538 1.768000 20090929101858
1254219598 1.764000 20090929101958
1254219660 1.763000 20090929102100
1254219720 1.754000 20090929102200
1254219780 1.787000 20090929102300
1254219840 1.776000 20090929102400
1254219900 1.772000 20090929102500
1254219960 1.761000 20090929102600
1254220021 1.779000 20090929102701
1254220081 1.782000 20090929102801
1254220141 1.793000 20090929102901
1254220201 1.793000 20090929103001
1254220261 1.805000 20090929103101
1254220321 1.819000 20090929103201
1254220379 1.781000 20090929103259
1254220439 1.780000 20090929103359
1254220499 1.781000 20090929103459
1254220559 1.803000 20090929103559
1254220619 1.798000 20090929103659
1254220679 1.790000 20090929103759
1254220741 1.799000 20090929103901
1254220801 1.802000 20090929104001
1254220861 1.798000 20090929104101
1254220921 1.785000 20090929104201
1254220981 1.798000 20090929104301
1254221041 1.831000 20090929104401
1254221099 1.828000 20090929104459
1254221159 1.807000 20090929104559
1254221219 1.831000 20090929104659
1254221279 1.832000 20090929104759
1254221339 1.826000 20090929104859
1254221399 1.828000 20090929104959
1254221460 1.857000 20090929105100
1254221520 1.848000 20090929105200
1254221580 1.829000 20090929105300
1254221640 1.842000 20090929105400
1254221700 1.840000 20090929105500
1254221760 1.838000 20090929105600
1254221819 1.810000 20090929105659
1254221879 1.813000 20090929105759
1254221939 1.847000 20090929105859
1254221999 1.811000 20090929105959
1254222059 1.834000 20090929110059
1254222119 1.850000 20090929110159
1254222180 1.849000 20090929110300
1254222240 1.866000 20090929110400
1254222300 1.861000 20090929110500
1254222360 1.853000 20090929110600
1254222420 1.875000 20090929110700
1254222480 1.892000 20090929110800
1254222539 1.904000 20090929110859
1254222599 1.894000 20090929110959
1254222659 1.908000 20090929111059
1254222719 1.880000 20090929111159
1254222779 1.869000 20090929111259
1254222839 1.859000 20090929111359
1254222900 1.862000 20090929111500
1254222960 1.870000 20090929111600
1254223020 1.878000 20090929111700
1254223080 1.859000 20090929111800
1254223140 1.883000 20090929111900
1254223200 1.901000 20090929112000
1254223259 1.904000 20090929112059
1254223319 1.888000 20090929112159
1254223379 1.935000 20090929112259
1254223439 1.942000 20090929112359
1254223499 1.933000 20090929112459
1254223559 1.917000 20090929112559
1254223620 1.912000 20090929112700
1254223680 1.934000 20090929112800
1254223740 1.914000 20090929112900
1254223800 1.919000 20090929113000
1254223860 1.916000 20090929113100
1254223920 1.904000 20090929113200
1254223979 1.921000 20090929113259
1254224039 1.908000 20090929113359
1254224099 1.915000 20090929113459
1254224159 1.928000 20090929113559
1254224219 1.944000 20090929113659
1254224279 1.954000 20090929113759
1254224340 1.941000 20090929113900
1254224400 1.924000 20090929114000
1254224460 1.959000 20090929114100
1254224520 1.960000 20090929114200
1254224580 1.976000 20090929114300
1254224640 1.976000 20090929114400
1254224698 1.979000 20090929114458
1254224758 1.985000 20090929114558
1254224818 1.961000 20090929114658
1254224878 1.967000 20090929114758
1254224938 1.952000 20090929114858
1254224998 1.974000 20090929114958
1254225060 1.992000 20090929115100
1254225120 1.981000 20090929115200
1254225180 1.975000 20090929115300
1254225240 1.966000 20090929115400
1254225300 1.965000 20090929115500
1254225360 1.967000 20090929115600
1254225421 1.983000 20090929115701
1254225481 1.995000 20090929115801
1254225541 2.022000 20090929115901
1254225601 2.030000 20090929120001
1254225661 2.010000 20090929120101
1254225721 1.982000 20090929120201
1254225779 1.993000 20090929120259
1254225839 1.995000 20090929120359
1254225899 2.016000 20090929120459
1254225959 2.029000 20090929120559
1254226019 2.044000 20090929120659
1254226079 2.016000 20090929120759
1254226141 2.017000 20090929120901
1254226201 2.005000 20090929121001
1254226261 2.016000 20090929121101
1254226321 2.002000 20090929121201
1254226381 2.032000 20090929121301
1254226441 2.050000 20090929121401
1254226499 2.063000 20090929121459
1254226559 2.028000 20090929121559
1254226619 2.028000 20090929121659
1254226679 2.051000 20090929121759
1254226739 2.051000 20090929121859
1254226799 2.057000 20090929121959
1254226860 2.063000 20090929122100
1254226920 2.049000 20090929122200
1254226980 2.070000 20090929122300
1254227040 2.043000 20090929122400
1254227100 2.035000 20090929122500
1254227160 2.059000 20090929122600
1254227219 2.097000 20090929122659
1254227279 2.079000 20090929122759
1254227339 2.072000 20090929122859
1254227399 2.075000 20090929122959
1254227459 2.091000 20090929123059
1254227519 2.073000 20090929123159
1254227580 2.061000 20090929123300
1254227640 2.096000 20090929123400
1254227700 2.119000 20090929123500
1254227760 2.115000 20090929123600
1254227820 2.066000 20090929123700
1254227880 2.097000 20090929123800
1254227939 2.106000 20090929123859
1254227999 2.103000 20090929123959
1254228059 2.074000 20090929124059
1254228119 2.105000 20090929124159
1254228179 2.121000 20090929124259
1254228239 2.104000 20090929124359
1254228300 2.097000 20090929124500
1254228360 2.115000 20090929124600
1254228420 2.134000 20090929124700
1254228480 2.113000 20090929124800
1254228540 2.122000 20090929124900
1254228600 2.120000 20090929125000
1254228659 2.119000 20090929125059
1254228719 2.119000 20090929125159
1254228779 2.121000 20090929125259
1254228839 2.146000 20090929125359
1254228899 2.161000 20090929125459
1254228959 2.153000 20090929125559
1254229020 2.160000 20090929125700
1254229080 2.143000 20090929125800
1254229140 2.142000 20090929125900
1254229200 2.130000 20090929130000
1254229260 2.129000 20090929130100
1254229320 2.143000 20090929130200
1254229379 2.141000 20090929130259
1254229439 2.130000 20090929130359
1254229499 2.173000 20090929130459
1254229559 2.163000 20090929130559
1254229619 2.147000 20090929130659
1254229679 2.146000 20090929130759
1254229740 2.182000 20090929130900
1254229800 2.177000 20090929131000
1254229860 2.143000 20090929131100
1254229920 2.173000 20090929131200
1254229980 2.211000 20090929131300
1254230040 2.209000 20090929131400
1254230098 2.180000 20090929131458
1254230158 2.211000 20090929131558
1254230218 2.193000 20090929131658
1254230278 2.178000 20090929131758
1254230338 2.151000 20090929131858
1254230398 2.161000 20090929131958
1254230460 2.159000 20090929132100
1254230520 2.169000 20090929132200
1254230580 2.187000 20090929132300
1254230640 2.185000 20090929132400
1254230700 2.191000 20090929132500
1254230760 2.193000 20090929132600
1254230821 2.206000 20090929132701
1254230881 2.204000 20090929132801
1254230941 2.206000 20090929132901
1254231001 2.225000 20090929133001
1254231061 2.210000 20090929133101
1254231121 2.212000 20090929133201
1254231179 2.224000 20090929133259
1254231239 2.231000 20090929133359
1254231299 2.223000 20090929133459
1254231359 2.209000 20090929133559
1254231419 2.222000 20090929133659
1254231479 2.228000 20090929133759
1254231541 2.200000 20090929133901
1254231601 2.201000 20090929134001
1254231661 2.203000 20090929134101
1254231721 2.209000 20090929134201
1254231781 2.213000 20090929134301
1254231841 2.238000 20090929134401
1254231899 2.248000 20090929134459
1254231959 2.231000 20090929134559
1254232019 2.252000 20090929134659
1254232079 2.236000 20090929134759
1254232139 2.250000 20090929134859
1254232199 2.237000 20090929134959
1254232260 2.243000 20090929135100
1254232320 2.256000 20090929135200
1254232380 2.253000 20090929135300
1254232440 2.251000 20090929135400
1254232500 2.229000 20090929135500
1254232560 2.234000 20090929135600
1254232619 2.253000 20090929135659
1254232679 2.243000 20090929135759
1254232739 2.246000 20090929135859
1254232799 2.255000 20090929135959
1254232859 2.246000 20090929140059
1254232919 2.253000 20090929140159
1254232980 2.271000 20090929140300
1254233040 2.262000 20090929140400
1254233100 2.257000 20090929140500
1254233160 2.289000 20090929140600
1254233220 2.276000 20090929140700
1254233280 2.272000 20090929140800
1254233339 2.286000 20090929140859
1254233399 2.274000 20090929140959
1254233459 2.263000 20090929141059
1254233519 2.263000 20090929141159
1254233579 2.272000 20090929141259
1254233639 2.259000 20090929141359
1254233700 2.245000 20090929141500
1254233760 2.242000 20090929141600
1254233820 2.260000 20090929141700
1254233880 2.277000 20090929141800
1254233940 2.288000 20090929141900
1254234000 2.288000 20090929142000
1254234059 2.311000 20090929142059
1254234119 2.303000 20090929142159
1254234179 2.291000 20090929142259
1254234239 2.279000 20090929142359
1254234299 2.291000 20090929142459
1254234359 2.291000 20090929142559
1254234420 2.304000 20090929142700
1254234480 2.309000 20090929142800
1254234540 2.299000 20090929142900
1254234600 2.276000 20090929143000
1254234660 2.278000 20090929143100
1254234720 2.260000 20090929143200
1254234779 2.263000 20090929143259
1254234839 2.265000 20090929143359
1254234899 2.281000 20090929143459
1254234959 2.288000 20090929143559
1254235019 2.287000 20090929143659
1254235079 2.308000 20090929143759
1254235140 2.309000 20090929143900
1254235200 2.311000 20090929144000
1254235260 2.321000 20090929144100
1254235320 2.307000 20090929144200
1254235380 2.301000 20090929144300
1254235440 2.291000 20090929144400
1254235498 2.285000 20090929144458
1254235558 2.294000 20090929144558
1254235618 2.283000 20090929144658
1254235678 2.292000 20090929144758
1254235738 2.309000 20090929144858
1254235798 2.298000 20090929144958
1254235860 2.274000 20090929145100
1254235920 2.273000 20090929145200
1254235980 2.281000 20090929145300
1254236040 2.282000 20090929145400
1254236100 2.282000 20090929145500
1254236160 2.297000 20090929145600
1254236221 2.319000 20090929145701
1254236281 2.315000 20090929145801
1254236341 2.321000 20090929145901
1254236401 2.311000 20090929150001
1254236461 2.299000 20090929150101
1254236521 2.294000 20090929150201
1254236579 2.313000 20090929150259
1254236639 2.288000 20090929150359
1254236699 2.274000 20090929150459
1254236759 2.305000 20090929150559
1254236819 2.301000 20090929150659
1254236879 2.282000 20090929150759
1254236941 2.263000 20090929150901
1254237001 2.282000 20090929151001
1254237061 2.279000 20090929151101
1254237121 2.272000 20090929151201
1254237181 2.279000 20090929151301
1254237241 2.280000 20090929151401
1254237299 2.301000 20090929151459
1254237359 2.320000 20090929151559
1254237419 2.305000 20090929151659
1254237479 2.288000 20090929151759
1254237539 2.314000 20090929151859
1254237599 2.305000 20090929151959
1254237660 2.253000 20090929152100
1254237720 2.280000 20090929152200
1254237780 2.285000 20090929152300
1254237840 2.269000 20090929152400
1254237900 2.259000 20090929152500
1254237960 2.291000 20090929152600
1254238019 2.265000 20090929152659
1254238079 2.231000 20090929152759
1254238139 2.250000 20090929152859
1254238199 2.267000 20090929152959
1254238259 2.269000 20090929153059
1254238319 2.307000 20090929153159
1254238380 2.285000 20090929153300
1254238440 2.287000 20090929153400
1254238500 2.321000 20090929153500
1254238560 2.295000 20090929153600
1254238620 2.234000 20090929153700
1254238680 2.268000 20090929153800
1254238739 2.298000 20090929153859
1254238799 2.286000 20090929153959
1254238859 2.238000 20090929154059
1254238919 2.269000 20090929154159
1254238979 2.270000 20090929154259
1254239039 2.238000 20090929154359
1254239100 2.217000 20090929154500
1254239160 2.241000 20090929154600
1254239220 2.248000 20090929154700
1254239280 2.237000 20090929154800
1254239340 2.263000 20090929154900
1254239400 2.264000 20090929155000
1254239459 2.278000 20090929155059
1254239519 2.264000 20090929155159
1254239579 2.265000 20090929155259
1254239639 2.271000 20090929155359
1254239699 2.254000 20090929155459
1254239759 2.256000 20090929155559
1254239820 2.247000 20090929155700
1254239880 2.277000 20090929155800
1254239940 2.248000 20090929155900
1254240000 2.242000 20090929160000
1254240060 2.246000 20090929160100
1254240120 2.239000 20090929160200
1254240179 2.223000 20090929160259
1254240239 2.206000 20090929160359
1254240299 2.211000 20090929160459
1254240359 2.227000 20090929160559
1254240419 2.241000 20090929160659
1254240479 2.230000 20090929160759
1254240540 2.265000 20090929160900
1254240600 2.272000 20090929161000
1254240660 2.240000 20090929161100
1254240720 2.214000 20090929161200
1254240780 2.230000 20090929161300
1254240840 2.219000 20090929161400
1254240898 2.202000 20090929161458
1254240958 2.212000 20090929161558
1254241018 2.251000 20090929161658
1254241078 2.230000 20090929161758
1254241138 2.203000 20090929161858
1254241198 2.202000 20090929161958
1254241260 2.203000 20090929162100
1254241320 2.159000 20090929162200
1254241380 2.169000 20090929162300
1254241440 2.210000 20090929162400
1254241500 2.210000 20090929162500
1254241560 2.213000 20090929162600
1254241621 2.218000 20090929162701
1254241681 2.211000 20090929162801
1254241741 2.206000 20090929162901
1254241801 2.199000 20090929163001
1254241861 2.202000 20090929163101
1254241921 2.176000 20090929163201
1254241979 2.184000 20090929163259
1254242039 2.180000 20090929163359
1254242099 2.187000 20090929163459
1254242159 2.177000 20090929163559
1254242219 2.192000 20090929163659
1254242279 2.179000 20090929163759
1254242341 2.157000 20090929163901
1254242401 2.154000 20090929164001
1254242461 2.156000 20090929164101
1254242521 2.127000 20090929164201
1254242581 2.136000 20090929164301
1254242641 2.178000 20090929164401
1254242699 2.168000 20090929164459
1254242759 2.162000 20090929164559
1254242819 2.181000 20090929164659
1254242879 2.183000 20090929164759
1254242939 2.169000 20090929164859
1254242999 2.148000 20090929164959
1254243060 2.170000 20090929165100
1254243120 2.156000 20090929165200
1254243180 2.133000 20090929165300
1254243240 2.132000 20090929165400
1254243300 2.118000 20090929165500
1254243360 2.109000 20090929165600
1254243419 2.117000 20090929165659
1254243479 2.119000 20090929165759
1254243539 2.130000 20090929165859
1254243599 2.124000 20090929165959
1254243659 2.118000 20090929170059
1254243719 2.123000 20090929170159
1254243780 2.104000 20090929170300
1254243840 2.120000 20090929170400
1254243900 2.135000 20090929170500
1254243960 2.138000 20090929170600
1254244020 2.136000 20090929170700
1254244080 2.139000 20090929170800
1254244139 2.112000 20090929170859
1254244199 2.091000 20090929170959
1254244259 2.104000 20090929171059
1254244319 2.094000 20090929171159
1254244379 2.089000 20090929171259
1254244439 2.083000 20090929171359
1254244500 2.089000 20090929171500
1254244560 2.071000 20090929171600
1254244620 2.064000 20090929171700
1254244680 2.055000 20090929171800
1254244740 2.085000 20090929171900
1254244800 2.087000 20090929172000
1254244859 2.098000 20090929172059
1254244919 2.091000 20090929172159
1254244979 2.094000 20090929172259
1254245039 2.080000 20090929172359
1254245099 2.066000 20090929172459
1254245159 2.057000 20090929172559
1254245220 2.085000 20090929172700
1254245280 2.077000 20090929172800
1254245340 2.048000 20090929172900
1254245400 2.042000 20090929173000
1254245460 2.049000 20090929173100
1254245520 2.035000 20090929173200
1254245579 2.026000 20090929173259
1254245639 2.032000 20090929173359
1254245699 2.034000 20090929173459
1254245759 2.051000 20090929173559
1254245819 2.042000 20090929173659
1254245879 2.014000 20090929173759
1254245940 2.019000 20090929173900
1254246000 2.039000 20090929174000
1254246060 2.042000 20090929174100
1254246120 2.033000 20090929174200
1254246180 2.038000 20090929174300
1254246240 2.036000 20090929174400
1254246298 1.997000 20090929174458
1254246358 2.011000 20090929174558
1254246418 2.022000 20090929174658
1254246478 2.011000 20090929174758
1254246538 2.001000 20090929174858
1254246598 2.003000 20090929174958
1254246660 1.984000 20090929175100
1254246720 1.965000 20090929175200
1254246780 1.963000 20090929175300
1254246840 1.966000 20090929175400
1254246900 1.981000 20090929175500
1254246960 1.983000 20090929175600
1254247021 1.984000 20090929175701
1254247081 1.970000 20090929175801
1254247141 1.965000 20090929175901
1254247201 1.973000 20090929180001
1254247261 1.991000 20090929180101
1254247321 2.004000 20090929180201
1254247379 2.022000 20090929180259
1254247439 2.013000 20090929180359
1254247499 2.056000 20090929180459
1254247559 2.103000 20090929180559
1254247619 2.146000 20090929180659
1254247679 2.225000 20090929180759
1254247741 2.200000 20090929180901
1254247801 1.804000 20090929181001
1254247861 0.880000 20090929181101
1254247921 1.420000 20090929181201
1254247981 0.800000 20090929181301
1254248041 3.010000 20090929181401
1254248099 4.095000 20090929181459
1254248159 4.300000 20090929181559
1254248279 3.110000 20090929181759
1254248339 1.020000 20090929181859
1254248399 1.290000 20090929181959
1254248460 1.470000 20090929182100
1254248520 1.440000 20090929182200
1254248580 0.890000 20090929182300
1254248640 1.258000 20090929182400
1254248700 1.795000 20090929182500
1254248760 2.130000 20090929182600
1254248819 2.342000 20090929182659
1254248879 2.227000 20090929182759
1254248939 2.490000 20090929182859
1254248999 2.735000 20090929182959
1254249059 2.385000 20090929183059
1254249119 2.627000 20090929183159
1254249180 2.610000 20090929183300
1254249240 2.248000 20090929183400
1254249300 2.058000 20090929183500
1254249360 2.116000 20090929183600
1254249420 1.664000 20090929183700
1254249480 1.441000 20090929183800
1254249539 1.345000 20090929183859
1254249599 0.911000 20090929183959
1254249659 0.378000 20090929184059
1254249719 0.066000 20090929184159
1254249779 0.400000 20090929184259
1254249839 1.367000 20090929184359
1254249900 2.198000 20090929184500
1254249960 2.898000 20090929184600
1254250020 3.623000 20090929184700
1254250080 3.533000 20090929184800
1254250140 3.027000 20090929184900
1254250200 2.357000 20090929185000
1254250259 1.716000 20090929185059
1254250319 1.408000 20090929185159
1254250379 1.209000 20090929185259
1254250439 1.228000 20090929185359
1254250499 1.119000 20090929185459
1254250559 1.033000 20090929185559
1254250620 1.179000 20090929185700
1254250680 1.482000 20090929185800
1254250740 1.607000 20090929185900
1254250800 1.752000 20090929190000
1254250860 1.658000 20090929190100
1254250920 1.546000 20090929190200
1254250979 1.509000 20090929190259
1254251039 1.635000 20090929190359
1254251099 2.048000 20090929190459
1254251159 2.694000 20090929190559
1254251219 3.196000 20090929190659
1254251279 3.178000 20090929190759
1254251400 1.949000 20090929191000
1254251460 1.362000 20090929191100
1254251520 0.835000 20090929191200
1254251580 0.509000 20090929191300
1254251640 0.629000 20090929191400
1254251698 0.858000 20090929191458
1254251758 1.154000 20090929191558
1254251818 1.671000 20090929191658
1254251878 2.097000 20090929191758
1254251938 2.293000 20090929191858
1254251998 2.362000 20090929191958
1254252060 2.235000 20090929192100
1254252120 1.996000 20090929192200
1254252180 1.662000 20090929192300
1254252240 1.341000 20090929192400
1254252300 1.422000 20090929192500
1254252360 1.864000 20090929192600
1254252421 2.226000 20090929192701
1254252481 2.392000 20090929192801
1254252541 2.455000 20090929192901
1254252601 2.170000 20090929193001
1254252661 1.520000 20090929193101
1254252721 0.997000 20090929193201
1254252779 0.702000 20090929193259
1254252839 0.581000 20090929193359
1254252899 0.639000 20090929193459
1254252959 1.109000 20090929193559
1254253019 1.652000 20090929193659
1254253079 2.273000 20090929193759
1254253141 2.542000 20090929193901
1254253201 2.571000 20090929194001
1254253261 2.492000 20090929194101
1254253321 2.143000 20090929194201
1254253381 1.653000 20090929194301
1254253441 1.400000 20090929194401
1254253499 1.377000 20090929194459
1254253559 1.476000 20090929194559
1254253619 1.616000 20090929194659
1254253679 1.733000 20090929194759
1254253739 1.694000 20090929194859
1254253799 1.516000 20090929194959
1254253860 1.499000 20090929195100
1254253920 1.450000 20090929195200
1254253980 1.439000 20090929195300
1254254040 1.434000 20090929195400
1254254100 1.508000 20090929195500
1254254160 1.489000 20090929195600
1254254219 1.593000 20090929195659
1254254279 1.762000 20090929195759
1254254339 1.980000 20090929195859
1254254399 2.144000 20090929195959
1254254459 2.204000 20090929200059
1254254519 2.052000 20090929200159
1254254580 1.869000 20090929200300
1254254640 1.697000 20090929200400
1254254700 1.469000 20090929200500
1254254760 1.229000 20090929200600
1254254820 1.159000 20090929200700
1254254880 1.198000 20090929200800
1254254939 1.261000 20090929200859
1254254999 1.495000 20090929200959
1254255059 1.717000 20090929201059
1254255119 1.966000 20090929201159
1254255179 1.985000 20090929201259
1254255239 1.911000 20090929201359
1254255300 1.632000 20090929201500
1254255360 1.460000 20090929201600
1254255420 1.393000 20090929201700
1254255480 1.498000 20090929201800
1254255540 1.553000 20090929201900
1254255600 1.850000 20090929202000
1254255659 2.011000 20090929202059
1254255719 1.851000 20090929202159
1254255779 1.691000 20090929202259
1254255839 1.692000 20090929202359
1254255899 1.543000 20090929202459
1254255959 1.376000 20090929202559
1254256020 1.453000 20090929202700
1254256080 1.524000 20090929202800
1254256140 1.471000 20090929202900
1254256200 1.485000 20090929203000
1254256260 1.504000 20090929203100
1254256320 1.473000 20090929203200
1254256379 1.606000 20090929203259
1254256439 1.863000 20090929203359
1254256499 1.914000 20090929203459
1254256559 1.830000 20090929203559
1254256619 1.857000 20090929203659
1254256679 1.716000 20090929203759
1254256740 1.407000 20090929203900
1254256800 1.321000 20090929204000
1254256860 1.475000 20090929204100
1254256920 1.604000 20090929204200
1254256980 1.622000 20090929204300
1254257040 1.731000 20090929204400
1254257098 1.710000 20090929204458
1254257158 1.635000 20090929204558
1254257218 1.543000 20090929204658
1254257278 1.529000 20090929204758
1254257338 1.548000 20090929204858
1254257398 1.631000 20090929204958
1254257460 1.620000 20090929205100
1254257520 1.571000 20090929205200
1254257580 1.533000 20090929205300
1254257640 1.568000 20090929205400
1254257700 1.718000 20090929205500
1254257760 1.827000 20090929205600
1254257821 1.790000 20090929205701
1254257881 1.723000 20090929205801
1254257941 1.598000 20090929205901
1254258001 1.343000 20090929210001
1254258061 1.228000 20090929210101
1254258121 1.348000 20090929210201
1254258179 1.519000 20090929210259
1254258239 1.699000 20090929210359
1254258299 1.792000 20090929210459
1254258359 1.836000 20090929210559
1254258419 1.675000 20090929210659
1254258479 1.574000 20090929210759
1254258541 1.501000 20090929210901
1254258601 1.433000 20090929211001
1254258661 1.460000 20090929211101
1254258721 1.603000 20090929211201
1254258781 1.594000 20090929211301
1254258841 1.542000 20090929211401
1254258899 1.634000 20090929211459
1254258959 1.812000 20090929211559
1254259019 1.838000 20090929211659
1254259079 1.799000 20090929211759
1254259139 1.674000 20090929211859
1254259199 1.618000 20090929211959
1254259260 1.459000 20090929212100
1254259320 1.347000 20090929212200
1254259380 1.313000 20090929212300
1254259440 1.500000 20090929212400
1254259500 1.632000 20090929212500
1254259560 1.647000 20090929212600
1254259619 1.598000 20090929212659
1254259679 1.642000 20090929212759
1254259739 1.707000 20090929212859
1254259799 1.646000 20090929212959
1254259859 1.615000 20090929213059
1254259919 1.718000 20090929213159
1254259980 1.719000 20090929213300
1254260040 1.519000 20090929213400
1254260100 1.452000 20090929213500
1254260160 1.543000 20090929213600
1254260220 1.641000 20090929213700
1254260280 1.648000 20090929213800
1254260339 1.691000 20090929213859
1254260399 1.616000 20090929213959
1254260459 1.565000 20090929214059
1254260519 1.519000 20090929214159
1254260579 1.467000 20090929214259
1254260639 1.460000 20090929214359
1254260700 1.594000 20090929214500
1254260760 1.703000 20090929214600
1254260820 1.710000 20090929214700
1254260880 1.725000 20090929214800
1254260940 1.817000 20090929214900
1254261000 1.859000 20090929215000
1254261059 1.739000 20090929215059
1254261119 1.586000 20090929215159
1254261179 1.480000 20090929215259
1254261239 1.368000 20090929215359
1254261299 1.357000 20090929215459
1254261359 1.432000 20090929215559
1254261420 1.611000 20090929215700
1254261480 1.780000 20090929215800
1254261540 1.838000 20090929215900
1254261600 1.801000 20090929220000
1254261660 1.731000 20090929220100
1254261720 1.625000 20090929220200
1254261779 1.567000 20090929220259
1254261839 1.543000 20090929220359
1254261899 1.573000 20090929220459
1254261959 1.625000 20090929220559
1254262019 1.670000 20090929220659
1254262079 1.648000 20090929220759
1254262140 1.679000 20090929220900
1254262200 1.741000 20090929221000
1254262260 1.762000 20090929221100
1254262320 1.689000 20090929221200
1254262380 1.667000 20090929221300
1254262440 1.643000 20090929221400
1254262498 1.544000 20090929221458
1254262558 1.443000 20090929221558
1254262618 1.428000 20090929221658
1254262678 1.517000 20090929221758
1254262738 1.676000 20090929221858
1254262798 1.821000 20090929221958
1254262860 1.861000 20090929222100
1254262920 1.872000 20090929222200
1254262980 1.901000 20090929222300
1254263040 1.779000 20090929222400
1254263100 1.611000 20090929222500
1254263160 1.526000 20090929222600
1254263221 1.562000 20090929222701
1254263281 1.596000 20090929222801
1254263341 1.595000 20090929222901
1254263401 1.668000 20090929223001
1254263461 1.689000 20090929223101
1254263521 1.740000 20090929223201
1254263579 1.736000 20090929223259
1254263639 1.682000 20090929223359
1254263699 1.614000 20090929223459
1254263759 1.672000 20090929223559
1254263819 1.713000 20090929223659
1254263879 1.629000 20090929223759
1254263941 1.620000 20090929223901
1254264001 1.683000 20090929224001
1254264061 1.740000 20090929224101
1254264121 1.775000 20090929224201
1254264181 1.841000 20090929224301
1254264241 1.904000 20090929224401
1254264299 1.844000 20090929224459
1254264359 1.669000 20090929224559
1254264419 1.596000 20090929224659
1254264479 1.573000 20090929224759
1254264539 1.547000 20090929224859
1254264599 1.549000 20090929224959
1254264660 1.653000 20090929225100
1254264720 1.763000 20090929225200
1254264780 1.818000 20090929225300
1254264840 1.801000 20090929225400
1254264900 1.751000 20090929225500
1254264960 1.739000 20090929225600
1254265019 1.785000 20090929225659
1254265079 1.766000 20090929225759
1254265139 1.741000 20090929225859
1254265199 1.781000 20090929225959
1254265259 1.831000 20090929230059
1254265319 1.794000 20090929230159
1254265380 1.748000 20090929230300
1254265440 1.664000 20090929230400
1254265500 1.612000 20090929230500
1254265560 1.625000 20090929230600
1254265620 1.696000 20090929230700
1254265680 1.735000 20090929230800
1254265739 1.817000 20090929230859
1254265799 1.862000 20090929230959
1254265859 1.791000 20090929231059
1254265919 1.696000 20090929231159
1254265979 1.739000 20090929231259
1254266039 1.782000 20090929231359
1254266100 1.793000 20090929231500
1254266160 1.834000 20090929231600
1254266220 1.916000 20090929231700
1254266280 1.856000 20090929231800
1254266340 1.752000 20090929231900
1254266400 1.701000 20090929232000
1254266459 1.674000 20090929232059
1254266519 1.704000 20090929232159
1254266579 1.755000 20090929232259
1254266639 1.797000 20090929232359
1254266699 1.801000 20090929232459
1254266759 1.790000 20090929232559
1254266820 1.804000 20090929232700
1254266880 1.799000 20090929232800
1254266940 1.811000 20090929232900
1254267000 1.830000 20090929233000
1254267060 1.802000 20090929233100
1254267120 1.748000 20090929233200
1254267179 1.747000 20090929233259
1254267239 1.756000 20090929233359
1254267299 1.833000 20090929233459
1254267359 1.933000 20090929233559
1254267419 1.976000 20090929233659
1254267479 1.960000 20090929233759
1254267540 1.892000 20090929233900
1254267600 1.784000 20090929234000
1254267660 1.673000 20090929234100
1254267720 1.613000 20090929234200
1254267780 1.662000 20090929234300
1254267840 1.759000 20090929234400
1254267898 1.892000 20090929234458
1254267958 1.937000 20090929234558
1254268018 1.960000 20090929234658
1254268078 1.972000 20090929234758
1254268138 1.932000 20090929234858
1254268198 1.853000 20090929234958
1254268260 1.764000 20090929235100
1254268320 1.719000 20090929235200
1254268380 1.733000 20090929235300
1254268440 1.774000 20090929235400
1254268500 1.856000 20090929235500
1254268560 1.923000 20090929235600
1254268621 1.943000 20090929235701
1254268681 1.983000 20090929235801
1254268741 1.987000 20090929235901
